,STA_LOC,RENT_ID,RENT_NO,RENT_NM,RENT_ID_NM,HOLD_NUM,STA_ADD1,STA_ADD2,STA_LAT,STA_LONG,START_INDEX,END_INDEX,RNUM
0,마포구,ST-10,00108,서교동 사거리,108. 서교동 사거리,12,서울특별시 마포구 양화로 93,427,37.55274582,126.91861725,0,0,1
1,광진구,ST-100,00503,더샵스타시티 C동 앞,503. 더샵스타시티 C동 앞,15,서울특별시 광진구 아차산로 262,더샵스타시티 C동 앞,37.53666687,127.07359314,0,0,2
2,양천구,ST-1000,00729,서부식자재마트 건너편,729. 서부식자재마트 건너편,10,서울특별시 양천구 신정동 236 ,서부식자재마트 건너편,37.51037979,126.86679840,0,0,3
3,양천구,ST-1002,00731,서울시 도로환경관리센터,731. 서울시 도로환경관리센터,10,서울특별시 양천구 목동동로 316-6,서울시 도로환경관리센터,37.52989960,126.87654114,0,0,4
4,양천구,ST-1003,00732,신월중학교,732. 신월중학교,10,서울특별시 양천구 화곡로 59,신월동 이마트,37.53955078,126.82830048,0,0,5
5,양천구,ST-1004,00733,신정이펜하우스314동,733. 신정이펜하우스314동,10,서울특별시 양천구 신정이펜1로50 ,신정이펜하우스314동,37.51409912,126.83100128,0,0,6
6,양천구,ST-1005,00734,신트리공원 입구,734. 신트리공원 입구,10,서울특별시 양천구 신정동 310-8 ,신트리공원 입구,37.51395035,126.85605621,0,0,7
7,양천구,ST-1006,00735,영도초등학교,735. 영도초등학교,10,서울특별시 양천구 목동중앙로 70 서울영도초등학교,,37.53637695,126.87151337,0,0,8
8,양천구,ST-1007,00736,오솔길공원,736. 오솔길공원,10,서울특별시 양천구 남부순환로70길11-9,오솔길공원,37.52219009,126.83670044,0,0,9
9,양천구,ST-1008,00737,장수공원,737. 장수공원,10,서울특별시 양천구 신월로 894 ,장수공원,37.52256012,126.84947968,0,0,10
10,광진구,ST-101,00504,신자초교입구교차로,504. 신자초교입구교차로,9,서울특별시 광진구 뚝섬로 596,신자초교입구교차로,37.53297043,127.07593536,0,0,11
11,양천구,ST-1010,00739,신월사거리,739. 신월사거리,15,서울특별시 양천구 신월동 263,신월사거리,37.53620148,126.82779694,0,0,12
12,양천구,ST-1011,00740,으뜸공원,740. 으뜸공원,8,서울특별시 양천구 가로공원로 133,으뜸공원,37.53636932,126.83171082,0,0,13
13,양천구,ST-1012,00741,화곡로 입구 교차로,741. 화곡로 입구 교차로,10,서울특별시 양천구 신월동 258,화곡로 입구 교차로,37.53952026,126.82540131,0,0,14
14,양천구,ST-1013,00742,등촌역 5번 출구 뒤,742. 등촌역 5번 출구 뒤,10,서울특별시 양천구 등촌로 236,등촌역 5번 출구 뒤,37.55073166,126.86457825,0,0,15
15,양천구,ST-1014,00743,현대6차아파트 101동 옆,743. 현대6차아파트 101동 옆,10,서울특별시 양천구 신정동 735-5,현대6차아파트 101동 옆,37.50889969,126.84268188,0,0,16
16,양천구,ST-1015,00744,신목동역 2번 출구,744. 신목동역 2번 출구,40,서울특별시 양천구 목동중앙로 212 앞,신목동역 2번 출구,37.54384232,126.88254547,0,0,17
17,양천구,ST-1016,00745,강서초등학교,745. 강서초등학교,10,서울특별시 양천구 오목로 31 부근,강서초등학교,37.52228165,126.83969879,0,0,18
18,양천구,ST-1017,00746,목동2단지 상가,746. 목동2단지 상가,10,서울특별시  양천구 목동 902-5 ,목동2단지 상가,37.53650284,126.87774658,0,0,19
19,양천구,ST-1018,00747,목동3단지 상가,747. 목동3단지 상가,10,서울특별시 양천구 목동 903-6,목동3단지 상가,37.53458023,126.87564850,0,0,20
20,양천구,ST-1019,00748,목동운동장,748. 목동운동장,15,서울특별시 양천구 안양천로 939,목동운동장,37.53025055,126.87930298,0,0,21
21,광진구,ST-102,00505,자양사거리 광진아크로텔 앞,505. 자양사거리 광진아크로텔 앞,12,서울특별시 광진구 아차산로 355,타워더모스트 광진아크로텔,37.53701019,127.08224487,0,0,22
22,은평구,ST-1020,00934,신사동 성당,934. 신사동 성당,10,서울특별시 은평구 신사동 41-3,신사동 성당,37.59714127,126.90959930,0,0,23
23,은평구,ST-1021,00935,역촌역 1번 출구,935. 역촌역 1번 출구,7,서울특별시 은평구 역촌동 17-55,역촌역 1번 출구,37.60520172,126.92211151,0,0,24
24,은평구,ST-1023,00937,상림마을 롯데캐슬2단지 옆,937. 상림마을 롯데캐슬2단지 옆,10,서울특별시 은평구 진관동 30-23,상림마을 롯데캐슬2단지 옆,37.64585114,126.92379761,0,0,25
25,은평구,ST-1024,00938,금암 문화공원,938. 금암 문화공원,10,서울특별시 진관동 44-28 ,금암 문화공원,37.64468384,126.91845703,0,0,26
26,은평구,ST-1025,00939,은평구청 교차로,939. 은평구청 교차로,15,서울특별시 응암동 82-31,은평구청 교차로,37.60169983,126.92742157,0,0,27
27,은평구,ST-1027,00941,은평뉴타운 도서관,941. 은평뉴타운 도서관,13,서울특별시 진관동 141-27,은평뉴타운 도서관,37.63722229,126.93330383,0,0,28
28,은평구,ST-1028,00942,상림마을 생태공원,942. 상림마을 생태공원,9,서울특별시 진관동 16-4,상림마을 생태공원,37.64408112,126.92928314,0,0,29
29,은평구,ST-1029,00943,은평구청 보건소,943. 은평구청 보건소,10,서울특별시 녹번동 84,은평구청 보건소,37.60240173,126.92864990,0,0,30
30,성동구,ST-103,00506,금호 어울림 아파트 앞,506. 금호 어울림 아파트 앞,7,서울특별시 성동구 광나루로 249,송정금호어울림 아파트 앞,37.54906082,127.05779266,0,0,31
31,은평구,ST-1031,00945,기자촌 사거리 A,945. 기자촌 사거리 A,10,서울특별시 은평구 진관동 149-17,기자촌 사거리,37.63414001,126.93234253,0,0,32
32,은평구,ST-1032,00946,독바위역,946. 독바위역 ,16,서울특별시 불광로 129,독바위역 ,37.61843872,126.93288422,0,0,33
33,은평구,ST-1033,00947,연신내 선일하이츠빌 정류소,947. 연신내 선일하이츠빌 정류소,10,서울특별시 불광동 484-165,연신내 선일하이츠빌 정류소,37.62266922,126.91999054,0,0,34
34,은평구,ST-1034,00948,디지털미디어 시티역 4번출구(DMC역),948. 디지털미디어 시티역 4번출구(DMC역),10,서울특별시 증산동 239,디지털미디어 시티역 4번출구,37.57720184,126.90235138,0,0,35
35,은평구,ST-1035,00949,연신내역 1번 출구,949. 연신내역 1번 출구 ,6,서울특별시 불광동 487-2,연신내역 1번 출구 ,37.61978149,126.92080688,0,0,36
36,은평구,ST-1036,00950,구산역 2번 출구 예일여고 버스정류장,950. 구산역 2번 출구 예일여고 버스정류장,10,서울특별시 은평구 연서로 124,,37.60980225,126.91679382,0,0,37
37,은평구,ST-1037,00951,연신내역 6번출구옆,951. 연신내역 6번출구옆,15,서울특별시 갈현동 389-15 ,연신내역 6번출구옆,37.61930466,126.92059326,0,0,38
38,은평구,ST-1038,00952,서울연신중학교,952. 서울연신중학교,10,서울특별시 불광동 400-4번지,서울연신중학교,37.62265015,126.92524719,0,0,39
39,은평구,ST-1039,00953,서울연신초등학교,953. 서울연신초등학교,10,서울특별시 불광동 73-1번지 ,서울연신초등학교,37.62577820,126.92881775,0,0,40
40,성동구,ST-104,00507,성수아이에스비즈타워 앞,507. 성수아이에스비즈타워 앞,7,서울특별시 성동구 성수이로 147,아이에스비즈타워 앞,37.54820251,127.05711365,0,0,41
41,강동구,ST-1040,01023,한국종합기술사옥 앞,1023. 한국종합기술사옥 앞,22,서울특별시 강동구 상일로6길 21 한국종합기술사옥,,37.54998398,127.17470551,0,0,42
42,강동구,ST-1041,01024,강동구청 앞,1024.  강동구청 앞,10,서울특별시 강동구 성내로 28 강동빌딩,,37.52929688,127.12315369,0,0,43
43,강동구,ST-1042,01025,상일초등학교,1025. 상일초등학교,10,서울특별시  상일동 440-3,상일초등학교,37.54684067,127.17251587,0,0,44
44,강동구,ST-1043,01026,대명초교 입구 교차로,1026. 대명초교 입구 교차로,14,서울특별시 강동구 명일동 59,,37.54653549,127.15583801,0,0,45
45,강동구,ST-1044,01027,프라자 아파트 앞,1027. 프라자 아파트 앞,20,서울특별시 강동구 천호대로 1240 프라자아파트,,37.53596115,127.14781952,0,0,46
46,강동구,ST-1045,01028,포레스 주상복합 빌딩,1028. 포레스 주상복합 빌딩,10,서울특별시 강동구 천호옛길 41 포레스아파트,,37.53310776,127.12277222,0,0,47
47,강동구,ST-1046,01029,성내어울터,1029. 성내어울터,7,서울특별시 강동구 성내동 43-2,,37.53655624,127.12553406,0,0,48
48,강동구,ST-1047,01030,미호 플랜트 앞,1030. 미호 플랜트 앞,15,서울특별시 강동구 강동대로 143-22,,37.52703094,127.12206268,0,0,49
49,강동구,ST-1048,01031,올림픽로 836(아리수로),1031. 올림픽로 836(아리수로),15,서울특별시 강동구 올림픽로 836,,37.55582047,127.12991333,0,0,50
50,강동구,ST-1049,01032,선사고등학교,1032. 선사고등학교,20,서울특별시 강동구 암사동 524,,37.55672836,127.13626099,0,0,51
51,성동구,ST-105,00508,성수아카데미타워 앞,508. 성수아카데미타워 앞,10,서울특별시 성동구 성수이로 118,라성아카데미타워 앞,37.54516602,127.05751038,0,0,52
52,강동구,ST-1050,01033,고덕동 아남아파트,1033. 고덕동 아남아파트,17,서울특별시 강동구 고덕동 469,,37.55793381,127.14476776,0,0,53
53,강동구,ST-1051,01034,고덕동 래미안 힐스테이트,1034. 고덕동 래미안 힐스테이트,10,서울특별시 강동구 고덕동 585-4,,37.56187820,127.15078735,0,0,54
54,강동구,ST-1052,01035,고덕역 4번출구,1035. 고덕역 4번출구,25,서울특별시 강동구 명일동 46-6,,37.55509567,127.15528107,0,0,55
55,강동구,ST-1053,01036,고덕동 주양쇼핑,1036. 고덕동 주양쇼핑,10,서울특별시 강동구 명일동 48-25,,37.55199051,127.15331268,0,0,56
56,강동구,ST-1054,01037,강일리버파크 6단지,1037. 강일리버파크 6단지,10,서울특별시 강동구 강일동 684-2,,37.56256485,127.17761230,0,0,57
57,강동구,ST-1055,01038,강일 다솜 어린이 공원,1038. 강일 다솜 어린이 공원,10,서울특별시 강동구 강일동 667-4,,37.56863785,127.17480469,0,0,58
58,강동구,ST-1056,01039,고덕초등학교,1039. 고덕초등학교,7,서울특별시 강동구 고덕로83길 55,,37.56129837,127.16784668,0,0,59
59,강동구,ST-1057,01040,강일동 에너지 마루,1040. 강일동 에너지 마루,,서울특별시 고덕동 375,강일동 에너지 마루,37.56719971,127.16345978,0,0,60
60,강동구,ST-1058,01041,묘곡초등학교,1041. 묘곡초등학교,10,서울특별시 강동구 동남로79길 46 서울묘곡초등학교,,37.55916214,127.15332031,0,0,61
61,강동구,ST-1059,01042,강일리버파크 2~5단지,1042. 강일리버파크 2~5단지,10,서울특별시 강동구 아리수로97길 68 강일리버파크2단지아파트,,37.56854630,127.17700958,0,0,62
62,성동구,ST-106,00509,이마트 버스정류소 옆,509. 이마트 버스정류소 옆,25,서울특별시 성동구 뚝섬로 379,이마트 버스정류소 옆,37.53965378,127.05258942,0,0,63
63,강동구,ST-1061,01044,굽은다리역,1044. 굽은다리역,15,서울특별시 강동구 천호동 42-1,,37.54540634,127.14267731,0,0,64
64,강서구,ST-1062,01150,송정역 1번출구,1150. 송정역 1번출구,7,서울특별시 강서구 공항대로 33 송정역(5호선),,37.56153107,126.81069946,0,0,65
65,강서구,ST-1063,01151,마곡역1번출구,1151. 마곡역1번출구,25,서울특별시 강서구 공항대로 163 마곡역(5호선),,37.56020737,126.82414246,0,0,66
66,강서구,ST-1064,01152,마곡역교차로,1152. 마곡역교차로,30,서울특별시 강서구 마곡동 728-168,마곡역7번출구,37.55831146,126.82652283,0,0,67
67,강서구,ST-1065,01153,"발산역 1번, 9번 인근 대여소","1153. 발산역 1번, 9번 인근 대여소",32,서울특별시 강서구 마곡동 797-5,,37.55894852,126.83717346,0,0,68
68,강서구,ST-1067,01155,기쁜우리복지관,1155. 기쁜우리복지관,10,서울특별시 강서구 가양동 1458-15 ,기쁜우리복지관,37.56925964,126.84841919,0,0,69
69,강서구,ST-1069,01157,강서구청,1157. 강서구청,8,서울특별시 강서구 화곡로 302,강서구청,37.55065918,126.84976959,0,0,70
70,성동구,ST-107,00510,뚝도아리수정수센터 버스정류소 옆,510. 뚝도아리수정수센터 버스정류소 옆,15,서울특별시 성동구 왕십리로11길 9,서울숲남문 버스정류소 옆,37.54122162,127.04380035,0,0,71
71,송파구,ST-1070,01251,석촌역 2번출구,1251. 석촌역 2번출구,10,서울특별시 송파구 송파동 68 ,석촌역 2번출구,37.50593185,127.10774994,0,0,72
72,송파구,ST-1072,01253,오금역 3번 출구 뒤,1253. 오금역 3번 출구 뒤,10,서울특별시  송파구 가락동 10-15 ,오금역 3번 출구 뒤,37.50165176,127.12818146,0,0,73
73,송파구,ST-1075,01256,문정현대아파트 교차로,1256. 문정현대아파트 교차로,8,서울특별시 송파구 문정동 3-2 ,문정현대아파트 교차로,37.49113083,127.12580872,0,0,74
74,송파구,ST-1076,01257,가락시장역 사거리,1257. 가락시장역 사거리,20,서울특별시 송파구 가락동 214-15 ,가락시장역 롯데마트앞,37.49209976,127.11775208,0,0,75
75,송파구,ST-1077,01258,가락미륭아파트 앞,1258. 가락미륭아파트 앞,10,서울특별시 서울 송파구 가락동 195-4,가락미륭아파트 앞,37.49319839,127.12899780,0,0,76
76,송파구,ST-1078,01259,방이역 1번출구,1259. 방이역 1번출구,20,서울특별시 송파구 오금동 17-20,방이역 1번출구,37.50898361,127.12659454,0,0,77
77,송파구,ST-1079,01260,방이동 한양3차아파트 옆,1260. 방이동 한양3차아파트 옆,8,서울특별시 송파구 방이동 225-1,방이동 한양3차아파트 옆,37.50630188,127.12139893,0,0,78
78,성동구,ST-108,00511,서울숲역 5번 출구 옆,511. 서울숲역 5번 출구 옆,16,서울특별시 성동구 왕십리로 지하77,서울숲역 4번 출구 옆,37.54458237,127.04460907,0,0,79
79,송파구,ST-1080,01261,석촌역 1번출구 앞,1261. 석촌역 1번출구 앞,,서울특별시 송파구 송파동 69 ,석촌역 1번출구 앞,37.50582886,127.10705566,0,0,80
80,송파구,ST-1081,01262,송파여성문화회관 앞,1262. 송파여성문화회관 앞,10,서울특별시 송파구 송파동 2-3 ,송파여성문화회관 앞,37.50580215,127.10971832,0,0,81
81,송파구,ST-1082,01263,장지공영차고지,1263. 장지공영차고지,10,서울특별시 송파구 장지동 861-6,장지공영차고지,37.48054123,127.13701630,0,0,82
82,송파구,ST-1083,01264,천호역 10번 출구 앞,1264. 천호역 10번 출구 앞,8,서울특별시 송파구 풍납동 490-16,천호역 10번 출구 앞,37.53858185,127.12280273,0,0,83
83,송파구,ST-1084,01265,문정동 근린공원,1265. 문정동 근린공원,10,서울특별시 송파구 문정동 38-3,문정동 근린공원,37.48598862,127.12476349,0,0,84
84,송파구,ST-1085,01266,문정동 글샘 공원,1266. 문정동 글샘 공원,10,서울특별시 송파구 문정동 627,장지동 글샘 공원,37.47880936,127.12000275,0,0,85
85,송파구,ST-1086,01267,올림픽공원 남2문 앞,1267. 올림픽공원 남2문 앞,14,서울특별시 송파구 올림픽로 424,올림픽공원 남2문 앞,37.51424026,127.12306976,0,0,86
86,송파구,ST-1087,01268,몽촌토성역 1번출구 옆,1268. 몽촌토성역 1번출구 옆,15,서울특별시 송파구 방이동 88-21 ,몽촌토성역 1번출구 옆,37.51728821,127.11419678,0,0,87
87,송파구,ST-1088,01269,리센츠아파트,1269. 리센츠아파트 ,10,서울특별시 송파구 올림픽로 135,리센츠아파트 ,37.51194382,127.09121704,0,0,88
88,송파구,ST-1089,01271,송파도서관,1271. 송파도서관,15,서울특별시 송파구 동남로 263,송파도서관,37.49998474,127.13539124,0,0,89
89,성동구,ST-109,00512,뚝섬역 1번 출구 옆,512. 뚝섬역 1번 출구 옆,15,서울특별시 성동구 아차산로 18,뚝섬역 1번 출구 옆,37.54856110,127.04500580,0,0,90
90,송파구,ST-1090,01272,송파 글마루도서관,1272. 송파 글마루도서관,15,서울특별시  송파구 충민로 120,송파 글마루도서관,0.00000000,0.00000000,0,0,91
91,송파구,ST-1092,01274,영파여고 앞,1274. 영파여고 앞,20,서울특별시 송파구 올림픽로 565,영파여고 앞,37.53284836,127.12104797,0,0,92
92,중랑구,ST-1093,01442,중랑구청 중화동 별관 앞,1442. 중랑구청 중화동 별관 앞,8,서울특별시 중화동 50-8,(구)신한은행 중랑교지점,37.59859085,127.07981873,0,0,93
93,중랑구,ST-1094,01443,구립망우청소년독서실,1443. 구립망우청소년독서실,10,서울특별시 중랑구 망우동 534-23 ,구립망우청소년독서실,37.59552002,127.09877777,0,0,94
94,중랑구,ST-1095,01444,면목4치안센터,1444. 면목4치안센터,10,서울특별시 면목동 646-4,면목4치안센터,37.57402802,127.08054352,0,0,95
95,중랑구,ST-1096,01445,용마지구대 A,1445. 용마지구대 A,10,서울특별시 면목동 197-5,용마지구대,37.57994080,127.07939911,0,0,96
96,중랑구,ST-1097,01446,중랑전화국 교차로,1446. 중랑전화국 교차로,10,서울특별시 중랑구 면목동 282-8,중랑전화국 교차로,37.59130096,127.08032990,0,0,97
97,중랑구,ST-1098,01447,면목역 3번출구,1447. 면목역 3번출구,15,서울특별시 면목동 120-2,면목역 3번출구,37.58890152,127.08728027,0,0,98
98,중랑구,ST-1099,01448,코스트코 상봉점,1448. 코스트코 상봉점,15,서울특별시 상봉동 160-3,코스트코 상봉점,37.59732056,127.08979797,0,0,99
99,마포구,ST-11,00109,제일빌딩 앞,109. 제일빌딩 앞,10,서울특별시 마포구 어울마당로 26,12-2,37.54769135,126.91998291,0,0,100
100,마포구,ST-110,00400,상암한화오벨리스크 1차 앞,400. 상암한화오벨리스크 1차 앞,14,서울특별시 마포구 구룡길 19,상암한화오벨리스크 1차 앞,37.58752441,126.88300323,0,0,101
101,강북구,ST-1100,01526,강북종합시장 앞,1526. 강북종합시장 앞,8,서울특별시 강북구 수유동 140,수유동 채선당앞,37.64173889,127.02462769,0,0,102
102,강북구,ST-1101,01527,미아역 1번 출구 뒤,1527. 미아역 1번 출구 뒤,10,서울특별시 강북구 미아동 194-1,미아역 1번 출구 뒤,37.62733459,127.02605438,0,0,103
103,강북구,ST-1102,01528,삼각산동 주민센터,1528. 삼각산동 주민센터,10,서울특별시 미아동 813-8,삼각산동 주민센터,37.61503601,127.02069855,0,0,104
104,강북구,ST-1103,01529,미아동 한국전력공사,1529. 미아동 한국전력공사,15,서울특별시 미아동 194-1,미아동 한국전력공사,37.63018036,127.02490997,0,0,105
105,강북구,ST-1104,01530,광산사거리,1530. 광산사거리,13,서울특별시 강북구 노해로 87 ,광산사거리,37.64355087,127.02234650,0,0,106
106,강북구,ST-1105,01531,미아사거리 1번 출구,1531. 미아사거리 1번 출구,10,서울특별시 강북구 미아동 66-1,미아사거리 1번 출구,37.61395645,127.03025055,0,0,107
107,강북구,ST-1106,01532,번3동 주민센터 교차로,1532. 번3동 주민센터 교차로,10,서울특별시 강북구 번동 2-2,번3동 주민센터 교차로,37.62635422,127.04744720,0,0,108
108,강북구,ST-1107,01533,"번동 주공3, 4단지 교차로","1533. 번동 주공3, 4단지 교차로",10,서울특별시 강북구 번동 254,"번동 주공3, 4단지 교차로",37.62991714,127.04091644,0,0,109
109,강북구,ST-1108,01534,북서울 꿈의 숲 동문,1534. 북서울 꿈의 숲 동문,20,서울특별시 강북구 번동 105,북서울 꿈의 숲 동문,37.61963654,127.04453278,0,0,110
110,강북구,ST-1109,01535,효성인텔리안 앞,1535. 효성인텔리안 앞,10,서울특별시 수유동 230-7,효성인텔리안 앞,37.63629150,127.02337646,0,0,111
111,성동구,ST-111,00513,뚝섬역 5번 출구 정류소 옆,513. 뚝섬역 5번 출구 정류소 옆,13,서울특별시 성동구 아차산로 18,뚝섬역 5번 출구 정류소 옆,37.54630661,127.04980469,0,0,112
112,강북구,ST-1110,01536,번동 두산위브 101동 옆,1536. 번동 두산위브 101동 옆,20,서울특별시 번동 386-17,번동 두산위브 101동 옆,37.63626099,127.03217316,0,0,113
113,노원구,ST-1111,01643,태릉입구역 8번출구,1643. 태릉입구역 8번출구,10,서울특별시 노원구 공릉동 687-6,태릉입구역 8번출구,37.61736679,127.07521057,0,0,114
114,노원구,ST-1114,01646,삼육대 입구,1646. 삼육대 입구,10,서울특별시 노원구 공릉동 26-43,삼육대 입구,37.63848877,127.10790253,0,0,115
115,노원구,ST-1118,01650,중계근린공원내,1650. 중계근린공원내,25,서울특별시 노원구 중계동 506-3,중계근린공원내,37.63957977,127.06510162,0,0,116
116,노원구,ST-1119,01651,상계동 우방유쉘아파트 앞,1651. 상계동 우방유쉘아파트 앞,20,서울특별시 노원구 상계동 1118-9,맥도날드 상계점 앞,37.67237473,127.05599213,0,0,117
117,성동구,ST-112,00514,성수사거리 버스정류장 앞,514. 성수사거리 버스정류장 앞,12,서울특별시 성동구 아차산로 171,성수사거리 버스정류장 앞,37.54257965,127.06330872,0,0,118
118,노원구,ST-1120,01652,파르코 앞,1652. 파르코 앞,10,서울특별시 노원구 상계동 1263,파르코 앞,37.68000031,127.05558014,0,0,119
119,노원구,ST-1121,01653,노원역1번출구,1653. 노원역1번출구,10,서울특별시 노원구 상계동 335-4,노원역1번출구,37.65620041,127.06362152,0,0,120
120,노원구,ST-1122,01654,당고개입구 오거리,1654. 당고개입구 오거리,15,서울특별시 노원구 상계동 172-2,보훈회관 대여소,37.66379166,127.07544708,0,0,121
121,노원구,ST-1123,01655,공릉1단지아파트,1655. 공릉1단지아파트,15,서울특별시 동일로 1127,공릉1단지아파트,37.63111115,127.07015991,0,0,122
122,노원구,ST-1124,01656,중앙하이츠 아파트 입구,1656. 중앙하이츠 아파트 입구,12,서울특별시 노원구 노원로 434 상계2차중앙하이츠아파트,,37.65501785,127.06750488,0,0,123
123,노원구,ST-1125,01657,노원구청,1657. 노원구청 ,20,서울특별시 노원구 노해로 437 ,노원구청 ,37.65404892,127.05732727,0,0,124
124,노원구,ST-1127,01659,중계동 을지중학교,1659. 중계동 을지중학교,10,서울특별시 노원구 중계동 370,중계동 을지중학교,37.65032959,127.07160187,0,0,125
125,노원구,ST-1128,01660,서울시립과학관,1660. 서울시립과학관,8,서울특별시 노원구 하계동 266,서울시립과학관,37.64207077,127.07662201,0,0,126
126,도봉구,ST-1129,01713,쌍문동 이안아파트 앞,1713. 쌍문동 이안아파트 앞,10,서울특별시 도봉구 쌍문동 315-488,,37.65165329,127.02848816,0,0,127
127,광진구,ST-113,00515,광양중학교 앞,515. 광양중학교 앞,15,서울특별시 광진구 자양로3길 7,광양중학교 앞,37.53023529,127.08683014,0,0,128
128,도봉구,ST-1130,01714,도봉문화정보도서관 삼거리,1714. 도봉문화정보도서관 삼거리,10,서울특별시 도봉구 덕릉로 315,도봉문화정보도서관 삼거리,37.64463043,127.04460907,0,0,129
129,도봉구,ST-1131,01715,서울특별시교육청도봉도서관,1715. 서울특별시교육청도봉도서관,20,서울특별시 도봉구 삼양로556,서울특별시교육청도봉도서관,37.65317917,127.01278687,0,0,130
130,도봉구,ST-1132,01716,창동역 1번출구 건너편,1716. 창동역 1번출구 건너편,10,서울특별시 도봉구 마들로11길 20,하나로마트 창동점,37.65420151,127.05072784,0,0,131
131,도봉구,ST-1133,01717,시립창동운동장 입구,1717. 시립창동운동장 입구,10,서울특별시 도봉구 창동 1-24,시립창동운동장 입구,37.65570831,127.05010223,0,0,132
132,도봉구,ST-1135,01719,신도봉사거리 버스정류장,1719. 신도봉사거리 버스정류장,10,서울특별시  도봉구 도봉로 771,신도봉사거리 버스정류장,37.67328262,127.04399109,0,0,133
133,도봉구,ST-1136,01720,도봉구청 옆(중랑천변),1720. 도봉구청 옆(중랑천변),27,서울특별시 도봉구 마들로 656,도봉구청 옆(중랑천변),37.66867065,127.04798126,0,0,134
134,도봉구,ST-1137,01721,창동역 2번출구,1721. 창동역 2번출구 ,12,서울특별시 창동 74-2 ,창동역 2번출구 ,37.65301514,127.04699707,0,0,135
135,광진구,ST-114,00516,광진메디칼 앞,516. 광진메디칼 앞,10,서울특별시 광진구 광나루로 355,광진메디컬앞,37.54840469,127.06936646,0,0,136
136,금천구,ST-1140,01839,수출의 다리 아래,1839. 수출의 다리 아래,20,서울특별시 금천구 가산동 60-35,,37.47743607,126.88615417,0,0,137
137,금천구,ST-1141,01840,솔브레인이엔지 뒤편,1840. 솔브레인이엔지 뒤편,20,서울특별시 금천구 가산로9길 80,,37.47555161,126.88845825,0,0,138
138,금천구,ST-1142,01841,가산동 주민센터,1841. 가산동 주민센터,12,서울특별시 가산동 144-3,가산동 주민센터,37.47695160,126.89186859,0,0,139
139,금천구,ST-1143,01842,한울중학교,1842. 한울중학교,12,서울특별시 시흥동 1000-3,한울중학교,37.46257401,126.90686035,0,0,140
140,금천구,ST-1144,01843,독산고등학교,1843. 독산고등학교,10,서울특별시 독산동 906-42,독산고등학교,37.47709656,126.91113281,0,0,141
141,금천구,ST-1146,01845,롯데캐슬골드파크1차 서문,1845. 롯데캐슬골드파크1차 서문,15,서울특별시 금천구 벚꽃로40 ,롯데캐슬골드파크1차 서문,37.46028900,126.89218903,0,0,142
142,금천구,ST-1147,01846,롯데캐슬골드파크1차 동문,1846. 롯데캐슬골드파크1차 동문,15,서울특별시 금천구 독산동 441-19 ,롯데캐슬골드파크1차 동문,37.46017075,126.89604187,0,0,143
143,금천구,ST-1148,01847,독산주공 14단지 버스정류소,1847. 독산주공 14단지 버스정류소,10,서울특별시 금천구 독산동 1091,,37.46093369,126.88716888,0,0,144
144,금천구,ST-1149,01848,벽산 디지털밸리 5차,1848. 벽산 디지털밸리 5차,9,서울특별시 금천구 가산동 60-73 ,벽산 디지털밸리 5차,37.47627640,126.88539124,0,0,145
145,동작구,ST-1150,02058,동작경찰서,2058. 동작경찰서,14,서울특별시 동작구 노량진동 113-7 ,노량진동 맥도널드앞,37.51352310,126.94352722,0,0,146
146,동작구,ST-1151,02059,보라매공원 정문,2059. 보라매공원 정문,10,서울특별시 동작구 신대방동 395 ,보라매공원 정문,37.49707794,126.91779327,0,0,147
147,동작구,ST-1152,02060,남성역3번출구 뒤,2060. 남성역3번출구 뒤,10,서울특별시 동작구 사당동 1131 ,남성역3번출구 뒤,37.48463058,126.97154999,0,0,148
148,동작구,ST-1153,02061,한강 현대아파트 건너편,2061. 한강 현대아파트 건너편,8,서울특별시 동작구 흑석동 27-83 ,한강 현대아파트 건너편,37.50592804,126.96923065,0,0,149
149,동작구,ST-1154,02062,사당새마을금고,2062. 사당새마을금고,10,서울특별시 사당동 211-2 ,사당새마을금고,37.48665237,126.96784210,0,0,150
150,관악구,ST-1156,02159,인헌초교,2159. 인헌초교,10,서울특별시 관악구 봉천동 244-1 ,인헌초교,37.47509003,126.95922852,0,0,151
151,관악구,ST-1157,02160,관악구 보건소,2160. 관악구 보건소,15,서울특별시 관악로 145,관악구 보건소,37.47862625,126.95129395,0,0,152
152,서초구,ST-1158,02266,서초역 3번출구,2266. 서초역 3번출구,15,서울특별시 서초동 1748-14,서초역 3번출구,37.49053955,127.00816345,0,0,153
153,중구,ST-116,00300,정동사거리,300. 정동사거리,6,서울특별시 중구 정동길 2-1,정동사거리,37.56805038,126.96923065,0,0,154
154,서초구,ST-1160,02268,서초4동주민센터,2268. 서초4동주민센터 ,10,서울특별시 서초동 1389,서초4동주민센터 ,37.50231934,127.02227020,0,0,155
155,서초구,ST-1161,02269,주홍교 하부,2269. 주홍교 하부,15,서울특별시 잠원동 91-29,주홍교 하부,37.51034927,127.01605225,0,0,156
156,서초구,ST-1162,02270,서초포레스타 7단지,2270. 서초포레스타 7단지,10,서울특별시 신원동 266,서초포레스타 7단지,37.44896698,127.05773926,0,0,157
157,서초구,ST-1163,02271,내방역 8번출구 앞,2271. 내방역 8번출구 앞,8,서울특별시 서초구 방배동 875-9,,37.48802185,126.99411774,0,0,158
158,서초구,ST-1164,02272,교대입구 교차로,2272. 교대입구 교차로,10,서울특별시 서초동 1748-33,교대입구 교차로,37.48730850,127.01058197,0,0,159
159,서초구,ST-1165,02273,일동제약 사거리,2273. 일동제약 사거리,10,서울특별시 양재동 67-12,일동제약 사거리,37.47782898,127.03826904,0,0,160
160,서초구,ST-1166,02274,양재시민의숲역 3번출구,2274. 양재시민의숲역 3번출구,10,서울특별시 서초구 양재동 316-10,,37.46924210,127.03982544,0,0,161
161,서초구,ST-1167,02275,염곡치안센터 건너편,2275. 염곡치안센터 건너편,7,서울특별시 서초구 헌릉로 73 서초경찰서 염곡치안센터,,37.46149445,127.04907227,0,0,162
162,서초구,ST-1168,02276,영동1교 (양재천근린공원),2276. 영동1교 (양재천근린공원),15,서울특별시 양재동 261-23,영동1교 (양재천근린공원),37.47438812,127.03890228,0,0,163
163,서초구,ST-1169,02277,길마중4교 하부,2277. 길마중4교 하부,10,서울특별시 서초구 잠원동 86,,37.51483917,127.01560211,0,0,164
164,종로구,ST-117,00301,경복궁역 7번출구 앞,301. 경복궁역 7번출구 앞,20,서울특별시 종로구 사직로 지하130,경복궁역 7번출구 앞,37.57579422,126.97145081,0,0,165
165,강남구,ST-1170,02361,압구정역 교차로,2361. 압구정역 교차로,10,서울특별시 강남구 신사동 580-7,압구정역 교차로,37.52684402,127.02825928,0,0,166
166,강남구,ST-1171,02362,신사동 가로수길 입구,2362. 신사동 가로수길 입구,10,서울특별시 강남구 신사동 501-5,신사동 가로수길 입구,37.51763535,127.02245331,0,0,167
167,강남구,ST-1172,02363,강남 을지병원 교차로,2363. 강남 을지병원 교차로,15,서울특별시 강남구 도산대로 172,,37.51913834,127.02751923,0,0,168
168,강남구,ST-1173,02364,도산공원교차로,2364. 도산공원교차로,10,서울특별시 강남구 도산대로 229 ,도산대로 렉서스 앞,37.52124023,127.03189850,0,0,169
169,강남구,ST-1174,02365,K+ 타워 앞,2365. K+ 타워 앞,15,서울특별시 강남구 도산대로 333 ,K+ 타워 앞,37.52330017,127.03847504,0,0,170
170,강남구,ST-1177,02368,도곡동 경남아파트 건너편,2368. 도곡동 경남아파트 건너편,7,서울특별시 강남구 도곡동 874-1,도곡동 경남아파트 건너편,37.48934174,127.04129791,0,0,171
171,강남구,ST-1178,02369,KT선릉타워,2369. KT선릉타워,20,서울특별시 강남구 대치동 1011,KT선릉타워,37.50542831,127.05287170,0,0,172
172,강남구,ST-1179,02370,한티역 3번출구,2370. 한티역 3번출구,10,서울특별시 강남구 대치동 1026,한티역 3번출구,37.49655151,127.05429840,0,0,173
173,종로구,ST-118,00302,경복궁역 4번출구 뒤,302. 경복궁역 4번출구 뒤,12,서울특별시 종로구 사직로 지하130,경복궁역 4번출구 뒤,37.57594681,126.97406006,0,0,174
174,강남구,ST-1180,02371,한국우편사업진흥원,2371. 한국우편사업진흥원,6,서울특별시 강남구 언주로 651,한국우편사업진흥원,37.51474762,127.03513336,0,0,175
175,강남구,ST-1181,02372,대치역 사거리,2372. 대치역 사거리,10,서울특별시 강남구 삼성로 156 ,대치역 사거리,37.49449921,127.06379700,0,0,176
176,강남구,ST-1182,02373,개포동역 사거리,2373. 개포동역 사거리,20,서울특별시 강남구 개포동 181-3,개포동역 사거리,37.48927689,127.06557465,0,0,177
177,강남구,ST-1184,02375,수서역 1번출구 앞,2375. 수서역 1번출구 앞,14,서울특별시 강남구 수서동 728,수서역 1번출구 앞,37.48735046,127.10099792,0,0,178
178,강남구,ST-1185,02376,수서역 6번출구 앞,2376. 수서역 6번출구 앞,14,서울특별시 강남구 수서동 740,수서역 6번출구 앞,37.48677826,127.10051727,0,0,179
179,강남구,ST-1186,02377,수서역 5번출구,2377. 수서역 5번출구,9,서울특별시 강남구 광평로 276-3,,37.48735046,127.10232544,0,0,180
180,서대문구,ST-1188,03100,북성초교,3100. 북성초교,8,서울특별시 서대문구 신촌로 235-1,북성초교,37.55739594,126.95216370,0,0,181
181,서대문구,ST-1189,03101,서대문구청,3101. 서대문구청,15,서울특별시 서대문구 연희로 242,서대문구청,37.57838058,126.93609619,0,0,182
182,종로구,ST-119,00303,광화문역 1번출구 앞,303. 광화문역 1번출구 앞,8,서울특별시 종로구 세종대로 지하189,세종로공원,37.57176971,126.97466278,0,0,183
183,서대문구,ST-1190,03102,연희삼거리,3102. 연희삼거리,10,서울특별시 서대문구 연희로 113,,37.56799698,126.93165588,0,0,184
184,광진구,ST-1191,03506,영동대교 북단,3506. 영동대교 북단,10,서울특별시 광진구 자양동 203-22,영동대교 북단,37.53701401,127.06109619,0,0,185
185,광진구,ST-1192,03507,어린이회관,3507. 어린이회관,25,서울특별시 광진구 능동 465-7,어린이회관,37.54595184,127.07800293,0,0,186
186,광진구,ST-1193,03508,화양사거리,3508. 화양사거리,7,서울특별시 광진구 화양동 21-6,화양사거리,37.54822159,127.06787872,0,0,187
187,광진구,ST-1194,03509,세종사이버대학교,3509. 세종사이버대학교,20,서울특별시 광진구 군자동 111-2,세종사이버대학교,37.55341721,127.07319641,0,0,188
188,성동구,ST-1195,03511,응봉역 1번출구,3511. 응봉역 1번출구,10,서울특별시 성동구 고산자로 123,응봉동 3-10,37.55125046,127.03510284,0,0,189
189,성동구,ST-1197,03513,상왕십리역 1번출구,3513. 상왕십리역 1번출구,15,서울특별시 성동구 하왕십리동 860-1 ,상왕십리역 1번출구,37.56460953,127.02919769,0,0,190
190,성동구,ST-1198,03514,왕십리교회옆,3514. 왕십리교회옆,10,서울특별시 성동구 상왕십리동 350-1 ,왕십리교회옆,37.56626129,127.02369690,0,0,191
191,성동구,ST-1199,03515,서울숲 관리사무소,3515. 서울숲 관리사무소,20,서울특별시 성동구 성수동1가 678-1,서울숲 관리사무소,37.54281616,127.04208374,0,0,192
192,서대문구,ST-12,00115,마스타 빌딩 앞,115. 마스타 빌딩 앞,15,서울특별시 서대문구 연희로 6,516,37.55893326,126.92711639,0,0,193
193,종로구,ST-120,00304,광화문역 2번출구 앞,304. 광화문역 2번출구 앞,7,서울특별시 종로구 세종대로 지하172,광화문역 2번출구 앞,37.57211304,126.97757721,0,0,194
194,성북구,ST-1200,01336,성북3교 위,1336. 성북3교 위,30,서울특별시 성북구 보문로 192,성북3교 위,37.59125137,127.01400757,0,0,195
195,성북구,ST-1201,01337,돈암성당 옆,1337. 돈암성당 옆,13,서울특별시 성북구 인촌로7길 120,돈암성당 옆,37.59038162,127.01713562,0,0,196
196,성북구,ST-1202,01338,용문2교 옆,1338. 용문2교 옆,15,서울특별시 성북구 인촌로7길 24,용문2교 옆,37.58689880,127.02075195,0,0,197
197,성북구,ST-1203,01339,삼성전자서비스 성북센터,1339. 삼성전자서비스 성북센터,9,서울특별시 성북구 월계로 28,삼성전자서비스 성북센터,37.61056900,127.03350830,0,0,198
198,성북구,ST-1204,01340,광운초등학교 앞,1340. 광운초등학교 앞,11,서울특별시 성북구 장위동 134-27,,37.61784363,127.05500031,0,0,199
199,성북구,ST-1206,01342,성북쉼터 앞,1342. 성북쉼터 앞,10,서울특별시 성북구 성북로21길 32,성북쉼터 앞,37.59261703,126.99793243,0,0,200
200,성북구,ST-1207,01343,한성대7번출구 앞,1343. 한성대7번출구 앞,8,서울특별시 성북구 동소문로 11,한성대7번출구 앞,37.58924866,127.00737762,0,0,201
201,성북구,ST-1208,01344,아리랑시네센터 앞,1344. 아리랑시네센터 앞,10,서울특별시 성북구 아리랑로 82,아리랑시네센터 앞,37.60028839,127.01370239,0,0,202
202,종로구,ST-121,00305,종로구청 옆,305. 종로구청 옆,16,서울특별시 종로구 세종로 84-1,,37.57255936,126.97833252,0,0,203
203,성북구,ST-1210,01346,길음8골어린이공원 옆,1346. 길음8골어린이공원 옆,15,서울특별시 성북구 길음로13길 22,길음8골어린이공원 옆,37.60897827,127.02024841,0,0,204
204,성북구,ST-1211,01347,길음래미안아파트817동 상가 앞,1347. 길음래미안아파트817동 상가 앞,10,서울특별시 성북구 길음로 33,길음래미안아파트817동 상가 앞,37.60710526,127.02149963,0,0,205
205,성북구,ST-1212,01348,성북제일새마을금고 본점 앞,1348. 성북제일새마을금고 본점 앞,12,서울특별시 성북구 길음로 20,성북제일새마을금고 본점 앞,37.60475159,127.02275848,0,0,206
206,성북구,ST-1213,01349,월계2교 버스정류장 앞,1349. 월계2교 버스정류장 앞,10,서울특별시 성북구 한천로101길 18,월계2교 버스정유장 앞,37.62382889,127.05020142,0,0,207
207,성북구,ST-1215,01351,안암2교 옆,1351. 안암2교 옆,8,서울특별시 성북구 안암로 17,SK제삼주유소 앞,37.57944870,127.02419281,0,0,208
208,성북구,ST-1216,01352,e 편한세상 보문아파트 내,1352. e 편한세상 보문아파트 내,8,서울특별시 성북구 낙산길 255,e 편한세상 보문아파트 내,37.58388138,127.01709747,0,0,209
209,성북구,ST-1217,01353,금호어울림센터힐 내,1353. 금호어울림센터힐 내,8,서울특별시 성북구 동소문로34길 73,금호어울림센터힐 내,37.60083008,127.02355194,0,0,210
210,구로구,ST-1218,01956,동아1차APT105동 버스정류장(신도림중학교 방면),1956. 동아1차APT105동 버스정류장(신도림중학교 방면),15,서울특별시 구로구 신도림로 67,도야미리숯불갈비 앞,37.51000977,126.88204956,0,0,211
211,구로구,ST-1219,01957,구일고등학교 정문,1957. 구일고등학교 정문 ,15,서울특별시 구로구 구일로 90-51,구일고등학교 정문,37.49340057,126.87432861,0,0,212
212,종로구,ST-122,00306,광화문역 7번출구 앞,306. 광화문역 7번출구 앞,19,서울특별시 종로구 세종대로 지하172,광화문역 7번출구 앞,37.57080841,126.97643280,0,0,213
213,구로구,ST-1220,01958,강서수도사업소민원센터,1958. 강서수도사업소민원센터,15,서울특별시 구로구 가마산로 272,강서수도사업소민원센터,37.49578094,126.89012146,0,0,214
214,구로구,ST-1221,01959,구로구의회 앞,1959. 구로구의회 앞,10,서울특별시 구로구 가마산로25길 9-24,구로구의회 앞,37.49645615,126.88958740,0,0,215
215,구로구,ST-1222,01960,구로거리공원 동측(신도림역 방면),1960. 구로거리공원 동측(신도림역 방면),10,서울특별시 구로구 공원로 68,화광신문사 앞,37.50284958,126.88948059,0,0,216
216,구로구,ST-1223,01961,신도림테크노근린공원,1961. 신도림테크노근린공원,15,서울특별시 구로구 구로동 3-42,,37.50818253,126.89133453,0,0,217
217,구로구,ST-1224,01962,가리봉동주민센터,1962. 가리봉동주민센터,15,서울특별시 구로구 디지털로26길 5,가리봉동주민센터,37.48160172,126.89279938,0,0,218
218,구로구,ST-1225,01963,디지털단지오거리,1963. 디지털단지오거리,10,서울특별시 금천구 가산로 157,디지털단지오거리,37.47931671,126.89012146,0,0,219
219,구로구,ST-1226,01964,원메디타운 앞,1964. 원메디타운 앞,10,서울특별시 구로구 경인로 403,원메디타운 앞,37.49789047,126.86450195,0,0,220
220,구로구,ST-1227,01965,삼환로즈빌아파트 105동 옆,1965. 삼환로즈빌아파트 105동 옆,15,서울특별시 구로구 개봉동 139-4,,37.49724197,126.85912323,0,0,221
221,구로구,ST-1228,01966,한마을아파트 정문상가,1966. 한마을아파트 정문상가,10,서울특별시 구로구 경인로 382,한마을아파트 정문상가,37.49649811,126.86309814,0,0,222
222,구로구,ST-1229,01967,참새공원(백곡경노당),1967. 참새공원(백곡경노당),10,서울특별시 구로구 고척로21길 85,참새공원(백곡경노당),37.50513840,126.84433746,0,0,223
223,종로구,ST-123,00307,서울역사박물관 앞,307. 서울역사박물관 앞,11,서울특별시 종로구 새문안로 55,서울역사박물관 앞,37.56999969,126.97109985,0,0,224
224,구로구,ST-1230,01968,동인오피스텔 건너편 소공원,1968. 동인오피스텔 건너편 소공원,7,서울특별시 구로구 고척로22길 64,동인오피스텔 건너편 소공원,37.49848175,126.84750366,0,0,225
225,구로구,ST-1231,01969,궁동생태공원,1969. 궁동생태공원,10,서울특별시 구로구 오리로 1352,궁동생태공원,37.50190353,126.82896423,0,0,226
226,구로구,ST-1233,01971,오정초교 앞 보도육교,1971. 오정초교 앞 보도육교,10,서울특별시 구로구 경인로2길 10,오청초교 앞 보도육교,37.49072266,126.82639313,0,0,227
227,구로구,ST-1235,01973,오리로와 서해안도로 교차로 앞,1973. 오리로와 서해안도로 교차로 앞,10,서울특별시 구로구 오리로 1181,오리로와 서해안도로 교차로 앞,37.48859787,126.83649445,0,0,228
228,구로구,ST-1236,01974,신도림2차e편한세상아파트 203동 앞,1974. 신도림2차e편한세상아파트 203동 앞,9,서울특별시 구로구 신도림로 16,신도림2차e편한세상아파트 203동 앞,37.50518036,126.88253784,0,0,229
229,구로구,ST-1237,01975,대림역 1번 출입구 밑,1975. 대림역 1번 출입구 밑,10,서울특별시 구로구 도림천로 351,대림역 1번 출입구 밑,37.49256516,126.89475250,0,0,230
230,구로구,ST-1238,01976,남구로역 5번 출입구 앞,1976. 남구로역 5번 출입구 앞,10,서울특별시 구로구 도림로 지하 7,남구로역 5번 출입구 앞,37.48567963,126.88670349,0,0,231
231,구로구,ST-1239,01977,천왕역 1번 출입구 앞,1977. 천왕역 1번 출입구 앞,15,서울특별시 구로구 오리로 지하 1154,천왕역 1번 출입구 앞,37.48620987,126.83882141,0,0,232
232,종로구,ST-124,00308,광화문 S타워 앞,308. 광화문 S타워 앞,31,서울특별시 종로구 새문안로 82,광화문S타워 앞,37.56996918,126.97393799,0,0,233
233,구로구,ST-1241,01979,구로1동우체국 앞,1979. 구로1동우체국 앞,10,서울특별시 구로구 구일로 64,구로1동우체국 앞,37.49203110,126.87377167,0,0,234
234,구로구,ST-1243,01981,천왕지구삼거리 앞,1981. 천왕지구삼거리 앞,10,서울특별시 구로구 천왕로 10,천왕이펜하우스5단지 앞,37.47943115,126.84269714,0,0,235
235,강남구,ST-1245,02380,삼성동베이직하우스앞,2380. 삼성동베이직하우스앞,12,서울특별시 강남구 봉은사로 456,삼성동베이직하우스앞,37.51169586,127.04934692,0,0,236
236,강남구,ST-1246,02381,언주역 6번출구앞,2381. 언주역 6번출구앞,8,서울특별시 강남구 논현로 566,언주역 6번출구앞,37.50636673,127.03452301,0,0,237
237,강남구,ST-1247,02382,역삼동 sk뷰 501동앞,2382. 역삼동 sk뷰 501동앞,6,서울특별시 강남구 역삼로 315-1 개나리SK뷰,,37.50122833,127.05036163,0,0,238
238,강남구,ST-1248,02383,보금자리정원,2383. 보금자리정원,10,서울특별시 강남구 헌릉로569길 39-6,보금자리정원,37.46632767,127.09488678,0,0,239
239,강서구,ST-1249,01158,가양역 8번출구,1158. 가양역 8번출구,20,서울특별시 강서구 양천로 지하 485,가양역 8번출구,37.56103516,126.85481262,0,0,240
240,종로구,ST-125,00309,광화문역 6번출구 옆 B,309. 광화문역 6번출구 옆 B,13,서울특별시 종로구 새문안로 102-2 가로판매대,,37.56996155,126.97615814,0,0,241
241,강서구,ST-1250,01159,서서울모터리움 앞,1159. 서서울모터리움 앞,20,서울특별시 강서구 양천로53길 30,서서울모터리움앞,37.56585312,126.84659576,0,0,242
242,강서구,ST-1251,01160,양천향교역 7번출구앞,1160. 양천향교역 7번출구앞,20,서울특별시 강서구 양천로 지하 341,양천향교역 7번출구 앞,37.56768036,126.84089661,0,0,243
243,강서구,ST-1252,01161,강서면허시험장 앞,1161. 강서면허시험장 앞,10,서울특별시 강서구 남부순환로 171,강서면허시험장앞,37.54969406,126.81966400,0,0,244
244,강서구,ST-1253,01162,공항초등학교건너편,1162. 공항초등학교건너편,10,서울특별시 강서구 마곡서1로 68,공항초등학교건너편,37.56267929,126.82047272,0,0,245
245,강서구,ST-1254,01163,방화동강서기동대앞,1163. 방화동강서기동대앞,10,서울특별시 강서구 방화대로34길 65,방화동 강서기동대앞,37.57049942,126.82008362,0,0,246
246,관악구,ST-1259,02164,관악우체국,2164. 관악우체국,8,서울특별시 관악구 남부순환로 1641,관악우체국,37.48476791,126.93287659,0,0,247
247,중구,ST-126,00310,청계광장 옆,310. 청계광장 옆,8,서울특별시 중구 세종대로 136,청계광장 옆,37.56887817,126.97747040,0,0,248
248,관악구,ST-1260,02165,JK장평타워,2165. JK장평타워,10,서울특별시 관악구 남부순환로 1943,JK장평타워,37.47648239,126.96536255,0,0,249
249,관악구,ST-1262,02167,낙성대역 1번출구,2167. 낙성대역 1번출구,12,서울특별시 관악구 남부순환로 1944,낙성대역 1번출구,37.47629547,126.96495819,0,0,250
250,광진구,ST-1263,03518,군자역 7번출구뒤,3518. 군자역 7번출구뒤,8,서울특별시 광진구 천호대로 지하 550,군자역 7번출구 뒤,37.55686188,127.07913971,0,0,251
251,관악구,ST-1264,02169,봉천역 2번출구,2169. 봉천역 2번출구,7,서울특별시 관악구 남부순환로 1728,봉천역 2번출구,37.48218918,126.94213104,0,0,252
252,관악구,ST-1265,02170,조원동 강남힐병원,2170. 조원동 강남힐병원,10,서울특별시 관악구 남부순환로 1451,조원동서울본병원,37.48152924,126.91203308,0,0,253
253,광진구,ST-1266,03517,용마사거리,3517. 용마사거리,10,서울특별시 광진구 능동로 373,용마사거리,37.56252670,127.08227539,0,0,254
254,관악구,ST-1267,02172,나들목공원,2172. 나들목공원,15,서울특별시 관악구 신림로 41,나들목공원,37.46940613,126.94451141,0,0,255
255,관악구,ST-1268,02173,당곡사거리,2173. 당곡사거리,10,서울특별시 관악구 보라매로 3,당곡사거리,37.48974991,126.92746735,0,0,256
256,관악구,ST-1269,02174,삼성디지털프라자관악점,2174. 삼성디지털프라자관악점,10,서울특별시 관악구 신림로 386,삼성디지털프라자관악점,37.48856354,126.92848206,0,0,257
257,관악구,ST-1270,02175,신림동걷고싶은문화의거리입구,2175. 신림동걷고싶은문화의거리입구,10,서울특별시 관악구 신림로 369,신림동걷고싶은문화의거리입구,37.48730087,126.92870331,0,0,258
258,광진구,ST-1271,03516,구의아리수정수센터앞,3516. 구의아리수정수센터앞,15,서울특별시 광진구 광나루로 571,구의아리수정수센터앞,37.54370499,127.09324646,0,0,259
259,구로구,ST-1273,01983,구로동롯데아파트,1983. 구로동롯데아파트,10,서울특별시 구로구 새말로 31,구로동롯데아파트,37.50254822,126.88388062,0,0,260
260,구로구,ST-1274,01984,구로구청,1984. 구로구청,10,서울특별시 구로구 가마산로 245,구로구청,37.49526596,126.88847351,0,0,261
261,구로구,ST-1275,01985,구로도서관,1985. 구로도서관,20,서울특별시 구로구 공원로 15,구로도서관,37.49851608,126.89199066,0,0,262
262,금천구,ST-1276,01849,대륭포스트타워5차,1849. 대륭포스트타워5차,10,서울특별시 금천구 디지털로9길 68,대륭포스트타워5차,37.48135376,126.88694000,0,0,263
263,금천구,ST-1277,01850,코오롱테크노밸리,1850. 코오롱테크노밸리,10,서울특별시 금천구 디지털로9길 56,코오롱테크노밸리,37.48015976,126.88636780,0,0,264
264,노원구,ST-1278,01661,당현천근린공원,1661. 당현천근린공원,10,서울특별시 노원구 동일로 1342,당현천근린공원,37.64963913,127.06560516,0,0,265
265,노원구,ST-1279,01662,노원역7번출구,1662. 노원역7번출구,20,서울특별시 노원구 노해로 459 메가빌딩,,37.65421677,127.05921173,0,0,266
266,중구,ST-128,00312,시청역 1번출구 뒤,312. 시청역 1번출구 뒤,7,서울특별시 중구 세종대로 지하101,1번출구 뒤,37.56467438,126.97673798,0,0,267
267,노원구,ST-1280,01663,동해문화예술관앞,1663. 동해문화예술관앞,25,서울특별시 노원구 화랑로 429,동해문화예술관앞,37.61938095,127.05785370,0,0,268
268,노원구,ST-1281,01664,노해근린공원내,1664. 노해근린공원내,10,서울특별시 노원구 노원로22길 1,노해근린공원내,37.64936066,127.07044220,0,0,269
269,노원구,ST-1282,01665,양지근린공원앞,1665. 양지근린공원앞,10,서울특별시 노원구 중계동 362,,37.64699554,127.07640076,0,0,270
270,노원구,ST-1283,01666,노원소방서인근,1666. 노원소방서인근,10,서울특별시 노원구 노원로26길 111,노원소방서인근,37.65578079,127.07177734,0,0,271
271,노원구,ST-1284,01667,중계중학교,1667. 중계중학교,10,서울특별시 노원구 덕릉로76길 23,중계중학교,37.65449905,127.07438660,0,0,272
272,노원구,ST-1285,01668,중계역 6번출구,1668. 중계역 6번출구,10,서울특별시 노원구 동일로 1309-3,,37.64556503,127.06334686,0,0,273
273,노원구,ST-1286,01669,중계역 3번출구,1669. 중계역 3번출구,9,서울특별시 노원구 동일로 지하 1308-1,중계역 3번출구,37.64352798,127.06522369,0,0,274
274,노원구,ST-1287,01670,노원경찰서교차로,1670. 노원경찰서교차로,20,서울특별시 노원구 노원로 283,노원경찰서교차로,37.64340973,127.07183838,0,0,275
275,노원구,ST-1288,01671,인덕대학교,1671. 인덕대학교,15,서울특별시 노원구 초안산로 12,인덕대학교,37.62934875,127.05482483,0,0,276
276,노원구,ST-1289,01672,상계동수락리버시티,1672. 상계동수락리버시티,15,서울특별시 노원구 누원로 18,상계동수락리버시티,37.68859863,127.05340576,0,0,277
277,중구,ST-129,00313,서울역 광장 파출소 옆,313. 서울역 광장 파출소 옆,5,서울특별시 중구 통일로 13,서울역 광장 파출소 옆,37.55696106,126.97177124,0,0,278
278,노원구,ST-1290,01673,노원역 5번출구,1673. 노원역 5번출구,5,서울특별시 노원구 동일로 1404,노원역 5번출구,37.65397644,127.06097412,0,0,279
279,노원구,ST-1291,01674,서울북부고용센터앞,1674. 서울북부고용센터앞,15,서울특별시 노원구 노해로 450,서울북부고용센터앞,37.65354919,127.05808258,0,0,280
280,도봉구,ST-1292,01722,창동청소년수련관,1722. 창동청소년수련관,15,서울특별시 도봉구 노해로69길 132,창동청소년수련관,37.65779877,127.05004883,0,0,281
281,도봉구,ST-1293,01723,방학동학마을도서관,1723. 방학동학마을도서관,10,서울특별시 도봉구 시루봉로 128,방학동학마을도서관,37.66207886,127.02771759,0,0,282
282,도봉구,ST-1295,01725,창1동주민센터,1725. 창1동주민센터,10,서울특별시 도봉구 해등로 46,창1동주민센터,37.64750290,127.04331207,0,0,283
283,도봉구,ST-1296,01726,삼익세라믹아파트교차로,1726. 삼익세라믹아파트교차로,8,서울특별시 도봉구 해등로 189,삼익세라믹아파트,37.65858841,127.03520966,0,0,284
284,도봉구,ST-1297,01727,서울도봉초등학교인근,1727. 서울도봉초등학교인근,15,서울특별시 도봉구 도봉로173길 96,서울도봉초등학교인근,37.67867661,127.04076385,0,0,285
285,동대문구,ST-1298,00646,장한평역 1번출구,646. 장한평역 1번출구,10,서울특별시 동대문구 장한로 3-1 구두수선대,,37.56196594,127.06450653,0,0,286
286,동대문구,ST-1299,00647,신이문역 1번출구,647. 신이문역 1번출구,10,서울특별시 동대문구 신이문로 44,신이문역 1번출구,37.60279846,127.06726837,0,0,287
287,서대문구,ST-13,00110,사천교,110. 사천교,20,서울특별시 서대문구 홍제천로 11,446-92,37.56819916,126.91784668,0,0,288
288,종로구,ST-130,00314,국립현대미술관,314. 국립현대미술관,10,서울특별시 종로구 삼청로 30,국립현대미술관 서울관,37.57970810,126.98085785,0,0,289
289,동대문구,ST-1300,00648,장안동위더스빌옆,648. 장안동위더스빌옆,15,서울특별시 동대문구 한천로 42,장안동위더스빌옆,37.56669998,127.06242371,0,0,290
290,동대문구,ST-1302,00650,중랑교사거리,650. 중랑교사거리,20,서울특별시 동대문구 망우로 131,중랑교사거리,37.59153366,127.06774139,0,0,291
291,동대문구,ST-1303,00651,우리은행청량리지점앞,651. 우리은행청량리지점앞,10,서울특별시 동대문구 왕산로 239,우리은행청량리지점앞,37.58274841,127.04827881,0,0,292
292,서초구,ST-1305,02279,교대역 5번출구뒤,2279. 교대역 5번출구뒤,10,서울특별시 서초구 서초중앙로 130,교대역 5번출구 뒤,37.49361801,127.01418304,0,0,293
293,서초구,ST-1306,02280,서울서초고용센터앞,2280. 서울서초고용센터앞,10,서울특별시 서초구 반포대로 43,서울서초고용센터 앞,37.48416138,127.01097107,0,0,294
294,서초구,ST-1307,02281,연세사랑병원신관앞,2281. 연세사랑병원신관앞,7,서울특별시 서초구 효령로 10,연세사랑병원신관 앞,37.47597885,126.98628235,0,0,295
295,서초구,ST-1308,02282,방배래미안아트힐 101동앞,2282. 방배래미안아트힐 101동앞,10,서울특별시 서초구 남부순환로 2311-12,방배래미안아트힐 101동앞,37.47720337,127.00583649,0,0,296
296,서초구,ST-1309,02283,그룹한빌딩옆,2283. 그룹한빌딩옆,10,서울특별시 서초구 서초대로 62,그룹한빌딩 옆,37.48652649,126.98916626,0,0,297
297,종로구,ST-131,00315,신한은행 안국역지점 옆,315. 신한은행 안국역지점 옆,4,서울특별시 종로구 율곡로 33,신한은행 안국역지점 옆,37.57596970,126.98306274,0,0,298
298,서초구,ST-1310,02284,CJ오쇼핑앞,2284. CJ오쇼핑앞,15,서울특별시 서초구 과천대로 870-13,CJ오쇼핑 앞,37.46810150,126.98680115,0,0,299
299,서초구,ST-1311,02285,LH서초3단지 301동 맞은편,2285. LH서초3단지 301동 맞은편,10,서울특별시 서초구 양재대로2길 33,LH서초3단지 301동 맞은편,37.45742416,127.02265167,0,0,300
300,서초구,ST-1312,02286,탑성마을입구,2286. 탑성마을입구,7,서울특별시 서초구 탑성말길 2,탑성마을입구,37.45854950,127.05588531,0,0,301
301,서초구,ST-1313,02287,능안마을입구,2287. 능안마을입구,10,서울특별시 서초구 능안말길 1-2,능안마을입구,37.45561981,127.06710052,0,0,302
302,서초구,ST-1314,02288,안골마을입구,2288. 안골마을입구,7,서울특별시 서초구 안골2길 3,안골마을입구,37.45560837,127.06445312,0,0,303
303,서초구,ST-1315,02289,남태령역 2번출구,2289. 남태령역 2번출구,10,서울특별시 서초구 과천대로 810,남태령역 2번출구,37.46429825,126.98852539,0,0,304
304,서초구,ST-1316,02290,서래마을파리15구공원앞,2290. 서래마을파리15구공원앞,10,서울특별시 서초구 동광로39길 93,서래마을파리15구공원 앞,37.49941254,126.99941254,0,0,305
305,성북구,ST-1317,01354,고려대학교 2번출구,1354. 고려대학교 2번출구,22,서울특별시 성북구 종암로 지하 1,고려대학교 2번출구,37.59071350,127.03619385,0,0,306
306,영등포구,ST-1319,00274,영등포역지하쇼핑센타 5번출구,274. 영등포역지하쇼핑센타 5번출구,10,서울특별시 영등포구 경인로 843 영등포역지하도상가,,37.51626968,126.90686035,0,0,307
307,종로구,ST-132,00316,종각역 1번출구 앞,316. 종각역 1번출구 앞,8,서울특별시 종로구 종로 47,종각역 1번출구 앞,37.57039642,126.98178864,0,0,308
308,영등포구,ST-1320,00275,신동아아파트,275. 신동아아파트,10,서울특별시 영등포구 선유서로 76 신동아아파트,,37.52269745,126.88568115,0,0,309
309,영등포구,ST-1321,00276,영등포로터리2,276. 영등포로터리2,10,서울특별시 영등포구 경인로112길 1,SK영등포주유소,37.51828384,126.91263580,0,0,310
310,영등포구,ST-1322,00277,영등포뉴타운지하상가 2번게이트,277. 영등포뉴타운지하상가 2번게이트,10,서울특별시 영등포구 영중로 22,영등포뉴타운지하상가 2번게이트,37.52011871,126.90516663,0,0,311
311,영등포구,ST-1323,00278,쌍용플레티넘오피스텔,278. 쌍용플레티넘오피스텔,10,서울특별시 영등포구 도영로 18,쌍용플레티넘오피스텔,37.50793076,126.89523315,0,0,312
312,용산구,ST-1324,00827,국군복지단,827. 국군복지단,14,서울특별시 용산구 두텁바위로 54-99,국군복지단,37.54188538,126.97966003,0,0,313
313,용산구,ST-1325,00828,숙대입구역 8번,828. 숙대입구역 8번,7,서울특별시 용산구 한강대로 289,숙대입구역 8번,37.54407883,126.97200012,0,0,314
314,용산구,ST-1326,00829,한강대교 북단 교차로,829. 한강대교 북단 교차로,40,서울특별시 용산구 한강대로 23,베르가모앞,37.52293015,126.96169281,0,0,315
315,용산구,ST-1327,00830,강변삼성스위트아파트 앞,830. 강변삼성스위트아파트 앞,10,서울특별시 용산구 원효로 35,청암자이아파트앞,37.53442383,126.94857025,0,0,316
316,용산구,ST-1328,00831,이태원관광특구입구A(녹사평역쪽),831. 이태원관광특구입구A(녹사평역쪽),10,서울특별시 용산구 이태원로 134,이태원관광특구입구,37.53427887,126.98856354,0,0,317
317,은평구,ST-1329,00954,은평뉴타운구파발9단지,954. 은평뉴타운구파발9단지,10,서울특별시 은평구 진관3로 77,은평뉴타운구파발9단지,37.64260864,126.92147827,0,0,318
318,은평구,ST-1331,00956,응암시장교차로,956. 응암시장교차로,9,서울특별시 은평구 응암로 247 외환은행,,37.59441376,126.91801453,0,0,319
319,중랑구,ST-1332,01449,상봉역 1번출구,1449. 상봉역 1번출구,15,서울특별시 중랑구 망우로 297,상봉역 1번출구,37.59655762,127.08583832,0,0,320
320,중랑구,ST-1333,01450,화랑대역 7번출구,1450. 화랑대역 7번출구,10,서울특별시 중랑구 묵동 6-3,,37.61963654,127.08504486,0,0,321
321,중랑구,ST-1334,01451,중랑세무서,1451. 중랑세무서,10,서울특별시 중랑구 망우로 176,중랑세무서,37.59275818,127.07266998,0,0,322
322,중랑구,ST-1335,01452,겸재교 진입부,1452. 겸재교 진입부,25,서울특별시 중랑구 겸재로 68,겸재교진입부,37.58565521,127.07505035,0,0,323
323,성동구,ST-1336,03519,용답역 1번 출구,3519. 용답역 1번 출구,10,서울특별시 성동구 용답길 86,용답역 1번 출구,37.56260681,127.05130768,0,0,324
324,관악구,ST-1337,02171,서울대입구역 5번출구,2171. 서울대입구역 5번출구,17,서울특별시 관악구 남부순환로 1817,서울대입구역 5번출구,37.48154831,126.95200348,0,0,325
325,강서구,ST-1338,01165,마곡중학교 후문,1165. 마곡중학교 후문,20,서울특별시 강서구 마곡중앙5로 58,마곡중학교 후문,37.56844711,126.82164764,0,0,326
326,용산구,ST-1339,00832,이촌1동 주민센터 뒤,832. 이촌1동 주민센터 뒤,20,서울특별시 용산구 이촌로71길 24,이촌1동 주민센터 뒤,37.52128220,126.97346497,0,0,327
327,중구,ST-134,00318,광교사거리 남측,318. 광교사거리 남측,10,서울특별시 중구 남대문로 125 DGB금융센터,,37.56863403,126.98231506,0,0,328
328,용산구,ST-1341,00834,효창공원앞역 3번출구 뒤,834. 효창공원앞역 3번출구 뒤,15,서울특별시 용산구 백범로 지하 287,효창공원앞역 3번출구 뒤,37.53900909,126.96138000,0,0,329
329,용산구,ST-1342,00835,남영역 건너편,835. 남영역 건너편,9,서울특별시 용산구 한강대로77길 18,남영역 건너편,37.54198074,126.97154236,0,0,330
330,용산구,ST-1343,00836,현대자동차서비스 앞,836. 현대자동차서비스 앞,15,서울특별시 용산구 원효로 74,현대자동차서비스 앞,37.53142166,126.95149994,0,0,331
331,용산구,ST-1344,00837,한남나들목 입구,837. 한남나들목 입구,10,서울특별시 용산구 한남동 557-106,,37.52898788,127.00662231,0,0,332
332,중랑구,ST-1345,01453,중랑캠핑숲,1453. 중랑캠핑숲,9,서울특별시 중랑구 송림길 172,중랑캠핑숲,37.60460281,127.10925293,0,0,333
333,중랑구,ST-1346,01454,한국전력공사(동대문 중랑지사),1454. 한국전력공사(동대문 중랑지사),10,서울특별시 중랑구 동일로 862,한국전력공사(동대문 중랑지사),37.60734940,127.07859039,0,0,334
334,성북구,ST-1347,01355,보문2교,1355. 보문2교,25,서울특별시 성북구 보문로30길 29,보문2교,37.58869934,127.01891327,0,0,335
335,노원구,ST-1348,01675,월계문화체육센터,1675. 월계문화체육센터,9,서울특별시 노원구 월계로 280,월계문화체육센터,37.62694168,127.05513000,0,0,336
336,노원구,ST-1349,01677,육군사관학교  앞,1677. 육군사관학교  앞,15,서울특별시 노원구 화랑로 570,육군사관학교 앞,37.62316513,127.09049988,0,0,337
337,양천구,ST-1350,00749,이대목동병원보도육교,749. 이대목동병원보도육교,10,서울특별시 양천구 안양천로 1071,이대 목동병원 앞,37.53722763,126.88661194,0,0,338
338,강서구,ST-1351,01166,강서구립등빛도서관,1166. 강서구립등빛도서관,10,서울특별시 강서구 강서로62길 48,강서구립등빛도서관,37.56256866,126.84246063,0,0,339
339,강서구,ST-1352,01167,마곡수명산파크3단지 교차로,1167. 마곡수명산파크3단지 교차로,15,서울특별시 강서구 내발산동 751-3,,37.55350876,126.82586670,0,0,340
340,영등포구,ST-1353,00279,영등포 푸르지오 아파트 B,279. 영등포 푸르지오 아파트 B,15,서울특별시 영등포구 도신로29길 28,영등포 푸르지오 아파트,37.51322937,126.90446472,0,0,341
341,동작구,ST-1354,02063,대방역 4번출구,2063. 대방역 4번출구,15,서울특별시 영등포구 여의대방로 300,대방역 4번출구,37.51290131,126.92661285,0,0,342
342,동작구,ST-1355,02064,흑석한강푸르지오 106동앞,2064. 흑석한강푸르지오 106동앞,10,서울특별시 동작구 흑석한강로 27,흑석한강푸르지오 106동앞,37.50535583,126.96617889,0,0,343
343,동작구,ST-1356,02065,서울시여성가족재단,2065. 서울시여성가족재단,10,서울특별시 동작구 여의대방로54길 18,서울여성가족재단,37.51198959,126.92708588,0,0,344
344,관악구,ST-1357,02176,보라매공원 보도육교,2176. 보라매공원 보도육교,15,서울특별시 관악구 신사로 132,보라매공원 보도육교,37.48899078,126.91638184,0,0,345
345,서초구,ST-1359,02292,무지개아파트 앞,2292. 무지개아파트 앞,15,서울특별시 서초구 효령로 391,무지개아파트 앞,37.48824310,127.02701569,0,0,346
346,중구,ST-136,00320,을지로입구역 4번출구 앞,320. 을지로입구역 4번출구 앞,17,서울특별시 중구 을지로 55,명동금융센터 앞,37.56622314,126.98358917,0,0,347
347,서초구,ST-1360,02293,SPC 앞,2293. SPC 앞,10,서울특별시 서초구 남부순환로 2620,SPC 앞,37.48479843,127.03699493,0,0,348
348,서초구,ST-1361,02294,두상빌딩 앞,2294. 두상빌딩 앞,15,서울특별시 서초구 언남길 87,두상빌딩 앞,37.47590637,127.04624176,0,0,349
349,강남구,ST-1364,02384,자곡사거리,2384. 자곡사거리,15,서울특별시 강남구 밤고개로 206,자곡사거리,37.47602844,127.10594177,0,0,350
350,강남구,ST-1365,02385,학동역,2385. 학동역,10,서울특별시 강남구 학동로 지하 180,학동역,37.51395035,127.03015137,0,0,351
351,강남구,ST-1366,02386,크린랩 본사,2386. 크린랩 본사,10,서울특별시 강남구 봉은사로 지하 201,sk 동우주유소 앞,37.50958633,127.04090881,0,0,352
352,송파구,ST-1367,01275,거여초등학교 옆,1275. 거여초등학교 옆,15,서울특별시 송파구 마천로25길 18,거여초등학교 옆,37.50458908,127.13936615,0,0,353
353,강동구,ST-1369,01047,강동 한신휴플러스,1047. 강동 한신휴플러스,10,서울특별시 강동구 천호대로175길 39,,37.53647232,127.13715363,0,0,354
354,중구,ST-137,00321,KEB 하나금융그룹 명동사옥 옆,321. KEB 하나금융그룹 명동사옥 옆,15,서울특별시 중구 을지로 66,한국외환은행 본점 앞,37.56546402,126.98413849,0,0,355
355,강동구,ST-1370,01048,둔촌어린이공원,1048. 둔촌어린이공원,13,서울특별시 강동구 둔촌동 77-2,,37.53099442,127.14237213,0,0,356
356,강동구,ST-1371,01049,강일리버파크 10단지,1049. 강일리버파크 10단지,10,서울특별시 강동구 강일동 695-1,,37.56120300,127.18026733,0,0,357
357,종로구,ST-1372,00393,동대문역 8번 출구,393. 동대문역 8번 출구,12,서울특별시 종로구 율곡로 지하 308,동대문역 8번출구,37.57014084,127.00937653,0,0,358
358,종로구,ST-1373,00394,경희궁 자이 3단지,394. 경희궁 자이 3단지,15,서울특별시 종로구 경교장길 35,경희궁자이 3단지,37.56748962,126.96591949,0,0,359
359,종로구,ST-1374,00395,경희궁 자이 2단지,395. 경희궁 자이 2단지,8,서울특별시 종로구 송월길 99,경희궁 자이 3단지,37.56885529,126.96456146,0,0,360
360,중랑구,ST-1375,01455,상봉역 2번 출구,1455. 상봉역 2번 출구,10,서울특별시 중랑구 망우로 297,상봉역 2번 출구,37.59632874,127.08589935,0,0,361
361,용산구,ST-1376,00838,숙대입구역 4번출구,838. 숙대입구역 4번출구,8,서울특별시 용산구 한강대로 지하 306,숙대입구역 4번출구,37.54446030,126.97238922,0,0,362
362,성동구,ST-1377,03522,사근삼거리,3522. 사근삼거리,15,서울특별시 성동구 사근동 241-2,,37.56102753,127.04952240,0,0,363
363,광진구,ST-1378,03520,광진경찰서,3520. 광진경찰서,10,서울특별시 광진구 자양로 167,광진경찰서,37.54251862,127.08408356,0,0,364
364,광진구,ST-1379,03521,현대홈타운 뒷길,3521. 현대홈타운 뒷길,10,서울특별시 광진구 아차산로69길 29,현대홈타운 뒷길,37.54342651,127.09661865,0,0,365
365,중구,ST-138,00322,명동성당 앞,322. 명동성당 앞,10,서울특별시 중구 명동길 74,명동성당 앞,37.56447601,126.98696899,0,0,366
366,중랑구,ST-1380,01456,상아빌딩(우림시장 교차로),1456. 상아빌딩(우림시장 교차로),10,서울특별시 중랑구 용마산로 494,상아빌딩(우림시장 교차로),37.59511185,127.10032654,0,0,367
367,중랑구,ST-1381,01457,동원사거리,1457. 동원사거리,10,서울특별시 중랑구 겸재로 229,동원사거리,37.58975983,127.09323883,0,0,368
368,성북구,ST-1383,01357,북한산보국문역,1357. 북한산보국문역,10,서울특별시 성북구 보국문로 91,북한산보국문역,37.61207199,127.00813293,0,0,369
369,성북구,ST-1384,01358,정릉도서관 앞,1358. 정릉도서관 앞,7,서울특별시 성북구 보국문로 7-10,정릉도서관 앞,37.60478973,127.01058197,0,0,370
370,성북구,ST-1385,01359,장위뉴타운 꿈에 숲 코오롱 하늘채 앞,1359. 장위뉴타운 꿈에 숲 코오롱 하늘채 앞,8,서울특별시 성북구 월계로 172,장위뉴타운 꿈에 숲 코오롱 하늘채 앞,37.61980057,127.04509735,0,0,371
371,성북구,ST-1386,01360,정릉역,1360. 정릉역,10,서울특별시 성북구 정릉로 272,정릉역,37.60309601,127.01350403,0,0,372
372,강북구,ST-1387,01537,북한산 우이역,1537. 북한산 우이역,10,서울특별시 강북구 삼양로 670,북한산 우이역,37.66366577,127.01242828,0,0,373
373,강북구,ST-1388,01538,솔밭공원역,1538. 솔밭공원역,8,서울특별시 강북구 삼양로 595,솔밭공원역,37.65615845,127.01313782,0,0,374
374,강북구,ST-1389,01539,419민주묘지역,1539. 4.19민주묘지역,10,서울특별시 강북구 삼양로 519,4.19민주묘지역,37.64967346,127.01345062,0,0,375
375,중구,ST-139,00323,서울 중앙우체국 앞,323. 서울 중앙우체국 앞,3,서울특별시 중구 소공로 70,서울중앙우체국 앞,37.56179428,126.98158264,0,0,376
376,강북구,ST-1390,01540,가오리역,1540. 가오리역,8,서울특별시 강북구 삼양로 426,가오리역,37.64167023,127.01688385,0,0,377
377,강북구,ST-1391,01541,삼양역,1541. 삼양역,10,서울특별시 강북구 삼양로 263,삼양역,37.62652969,127.01805878,0,0,378
378,강북구,ST-1392,01542,삼양사거리역,1542. 삼양사거리역,10,서울특별시 강북구 삼양로 197,삼양사거리역,37.62155151,127.02037048,0,0,379
379,노원구,ST-1394,01678,성서대학교 밀알관,1678. 성서대학교 밀알관,10,서울특별시 노원구 동일로214길 32,성서대학교 밀알관,37.64843750,127.06444550,0,0,380
380,노원구,ST-1395,01679,삼육대 도서관,1679. 삼육대 도서관,10,서울특별시 노원구 화랑로 815,삼육대 도서관,37.64282990,127.10666656,0,0,381
381,노원구,ST-1396,01680,삼육대 제3과학관,1680. 삼육대 제3과학관,7,서울특별시 노원구 화랑로 653,삼육대 후문 삼거리,37.64265442,127.10838318,0,0,382
382,마포구,ST-1397,00427,성산시영아파트,427. 성산시영아파트,10,서울특별시 마포구 월드컵북로 260,성산시영아파트,37.56958389,126.90381622,0,0,383
383,양천구,ST-1398,00750,연의근린공원 건너편,750. 연의근린공원 건너편,10,서울특별시 양천구 신정로7길 92,연의근린공원 건너편,37.51215744,126.83562469,0,0,384
384,서대문구,ST-14,00116,일진아이윌아파트 옆,116. 일진아이윌아파트 옆,5,서울특별시 서대문구 동교로 290,일진아이윌아파트 옆,37.56454086,126.92707062,0,0,385
385,중구,ST-140,00324,신세계백화점 본점 앞,324. 신세계백화점 본점 앞,8,서울특별시 중구 충무로1가 53-6,,37.56134415,126.98050690,0,0,386
386,양천구,ST-1400,00752,성원2차 아파트,752. 성원2차 아파트,10,서울특별시 양천구 목동중앙남로 100,성원2차 아파트,37.54218292,126.86330414,0,0,387
387,강서구,ST-1402,01168,마곡엠밸리10단지 앞,1168. 마곡엠밸리10단지 앞,14,서울특별시 강서구 마곡중앙1로 72 마곡엠밸리10단지,,37.56029129,126.81875610,0,0,388
388,금천구,ST-1403,01851,가산디지털단지 9번출구 인근,1851. 가산디지털단지 9번출구 인근,10,서울특별시 금천구 벚꽃로 309,가산디지털단지 7번출구,37.48123169,126.88148499,0,0,389
389,서초구,ST-1404,02297,남부터미널역 1번출구,2297. 남부터미널역 1번출구,10,서울특별시 서초구 서초중앙로 38,남부터미널역 1번출구,37.48567200,127.01592255,0,0,390
390,서초구,ST-1405,02298,래미안서초스위트앞,2298. 래미안서초스위트앞,12,서울특별시 서초구 서운로 221,래미안서초스위트앞,37.50241089,127.02160645,0,0,391
391,서초구,ST-1406,02299,한전아트센터 앞,2299. 한전아트센터 앞,12,서울특별시 서초구 효령로72길 60,한전아트센터 앞,37.48646927,127.02806091,0,0,392
392,강남구,ST-1407,02387,래미안강남힐즈 사거리,2387. 래미안강남힐즈 사거리,10,서울특별시 강남구 자곡로 101,래미안강남힐즈 사거리,37.47245407,127.09607697,0,0,393
393,송파구,ST-1408,01277,성내7교,1277. 성내7교,15,서울특별시 송파구 오금동 75-4,,37.50562668,127.13642120,0,0,394
394,송파구,ST-1409,01278,송파구청 교차로,1278. 송파구청 교차로,16,서울특별시 송파구 오금로 20-2 구두수선대,,37.51579666,127.10681915,0,0,395
395,송파구,ST-1410,01279,마천금호어울림 1차아파트 건너편,1279. 마천금호어울림 1차아파트 건너편,10,서울특별시 송파구 성내천로39길 4,마천금호어울림 1차아파트 건너편,37.49751663,127.15467834,0,0,396
396,송파구,ST-1411,01280,송파파크데일 2단지입구 앞 주차장,1280. 송파파크데일 2단지입구 앞 주차장,13,서울특별시 송파구 성내천로47길 23,송파파크데일 2단지입구 앞 주차장,37.49565887,127.15717316,0,0,397
397,송파구,ST-1413,01282,송파소방서 맞은편(성내4교),1282. 송파소방서 맞은편(성내4교),10,서울특별시 송파구 오금로51길 56,송파소방서 맞은편(성내4교),37.49987411,127.14147949,0,0,398
398,송파구,ST-1414,01283,오금공원 사거리,1283. 오금공원 사거리,8,서울특별시 송파구 오금로 363 오금근린공원,,37.50541306,127.13169098,0,0,399
399,송파구,ST-1416,01285,위례별 유치원 뒤,1285. 위례별 유치원 뒤,10,서울특별시 송파구 위례광장로 136,위례별 유치원 뒤,37.47747040,127.14459229,0,0,400
400,송파구,ST-1417,01286,위례중앙푸르지오 1단지 앞,1286. 위례중앙푸르지오 1단지 앞,10,서울특별시 송파구 위례광장로 120,위례중앙푸르지오 1단지 앞,37.47437668,127.14067078,0,0,401
401,송파구,ST-1418,01287,위례아이파크 101동 맞은편,1287. 위례아이파크 101동 맞은편,8,서울특별시 송파구 위례순환로 413 위례새솔어린이집,,37.47746658,127.14151001,0,0,402
402,송파구,ST-1419,01288,문정중교 사거리,1288. 문정중교 사거리,15,서울특별시 송파구 송이로 238,문정중교 사거리,37.48799896,127.13108826,0,0,403
403,종로구,ST-142,00326,안국역 5번출구 앞,326. 안국역 5번출구 앞,15,서울특별시 종로구 율곡로 지하62,안국역 5번출구 앞,37.57624054,126.98616028,0,0,404
404,강동구,ST-1420,01050,둔촌역 3번 출입구,1050.  둔촌역 3번 출입구,15,서울특별시 강동구 양재대로 1349,,37.52678299,127.13557434,0,0,405
405,강동구,ST-1421,01051,"강일중,선사고 버스정류장(신암중학교 방면)","1051. 강일중,선사고 버스정류장(신암중학교 방면)",15,서울특별시 강동구 암사동 531,,37.55483627,127.13732147,0,0,406
406,송파구,ST-1422,01289,풍납토성 서성벽터B,1289. 풍납토성 서성벽터B,10,서울특별시 송파구 토성로 2,풍납동 자전거보관소,37.53147125,127.11109161,0,0,407
407,강북구,ST-1423,01543,수유1동 주민센터,1543. 수유1동 주민센터,10,서울특별시 강북구 삼양로 299,수유1동 주민센터,37.63018799,127.01773834,0,0,408
408,성북구,ST-1424,01361,홍익중고 입구,1361. 홍익중고 입구,20,서울특별시 성북구 성북동 142-1,,37.59296799,127.00223541,0,0,409
409,노원구,ST-1425,01681,현대6차 아파트,1681. 현대6차 아파트,12,서울특별시 노원구 중계로8길 20,현대6차 아파트,37.64580154,127.08226013,0,0,410
410,노원구,ST-1426,01682,중계종합사회복지관 교차로,1682. 중계종합사회복지관 교차로,13,서울특별시 노원구 덕릉로 662 중계3단지주공영구임대아파트,,37.65745544,127.07554626,0,0,411
411,광진구,ST-1427,03510,중곡SK아파트앞,3510. 중곡SK아파트앞,10,서울특별시 광진구 용마산로32길 32,중곡SK아파트앞,37.56864929,127.08625031,0,0,412
412,광진구,ST-1428,03524,세종대학교,3524. 세종대학교,10,서울특별시 광진구 군자로 114,세종대학교,37.55023575,127.07382202,0,0,413
413,광진구,ST-1429,03523,건국대학교 과학관(이과대) 앞,3523. 건국대학교 과학관(이과대) 앞,10,서울특별시 광진구 능동로 120,건국대학교 과학관(이과대) 앞,37.54171753,127.08016968,0,0,414
414,종로구,ST-143,00327,낙원상가 옆,327. 낙원상가 옆,10,서울특별시 종로구 삼일대로 428,낙원상가 옆,37.57335663,126.98746490,0,0,415
415,종로구,ST-1432,00397,종묘공영주차장 건너편,397. 종묘공영주차장 건너편,13,서울특별시 종로구 종로 지하 200,종묘공영주차장 건너편,37.57048035,126.99663544,0,0,416
416,강남구,ST-1433,02388,강남구 도시관리공단,2388. 강남구 도시관리공단,18,서울특별시 강남구 삼성로 628,강남구 도시관리공단,37.51678467,127.05161285,0,0,417
417,도봉구,ST-1434,01728,서울북부지방법원,1728. 서울북부지방법원,10,서울특별시 도봉구 마들로 749 서울북부지방법원,,37.67771912,127.04681396,0,0,418
418,중구,ST-1435,00398,을지로3가역 3번출구,398. 을지로3가역 3번출구,8,서울특별시 중구 을지로 지하 129,을지로3가역 3번출구,37.56655884,126.99243927,0,0,419
419,중구,ST-1436,00399,서울역 센트럴 자이아파트,399. 서울역 센트럴 자이아파트,15,서울특별시 중구 만리재로 175,서울역 센트럴 자이아파트,37.55410767,126.96540833,0,0,420
420,중구,ST-1437,00428,명보사거리,428. 명보사거리,10,서울특별시 중구 을지로 지하 129,명보사거리,37.56439972,126.99143219,0,0,421
421,중구,ST-1438,00429,송도병원,429. 송도병원,8,서울특별시 중구 다산로 59-1,송도병원,37.54988861,127.00734711,0,0,422
422,중구,ST-1439,00430,장충동먹자골목 앞,430. 장충동먹자골목 앞,6,서울특별시 중구 장충단로 193-1,,37.56212616,127.00625610,0,0,423
423,종로구,ST-144,00328,탑골공원 앞,328. 탑골공원 앞,11,서울특별시 종로구 종로 99,탑골공원 앞,37.57039642,126.98818970,0,0,424
424,중구,ST-1440,00431,청계천 영도교,431. 청계천 영도교,25,서울특별시 중구 청계천로 400 롯데캐슬베네치아,,37.57101440,127.01974487,0,0,425
425,용산구,ST-1441,00839,보광동 삼성리버빌아파트 앞,839. 보광동 삼성리버빌아파트 앞,10,서울특별시 용산구 보광로5길 40,보광동 삼성리버빌아파트 앞,37.52400970,127.00144958,0,0,426
426,용산구,ST-1442,00840,용산 파크타워 앞,840. 용산 파크타워 앞,10,서울특별시 용산구 서빙고로 67,용산 파크타워 앞,37.52365112,126.97026825,0,0,427
427,용산구,ST-1443,00841,신용산역 1번 출구,841. 신용산역 1번 출구,25,서울특별시 용산구 한강대로 100,신용산역 1번 출구,37.52960968,126.96887207,0,0,428
428,용산구,ST-1445,00843,이태원관광특구B(용산구청쪽),843. 이태원관광특구B(용산구청쪽),19,서울특별시 용산구 이태원로 134,녹사평역 광장,37.53379822,126.98867035,0,0,429
429,용산구,ST-1446,00844,이촌2동 동원베네스트 아파트 앞,844. 이촌2동 동원베네스트 아파트 앞,15,서울특별시 용산구 이촌로14길 7,이촌2동 동원베네스트 아파트 앞,37.52714920,126.95516205,0,0,430
430,동대문구,ST-1447,00652,답십리 래미안엘파인아파트 입구,652. 답십리 래미안엘파인아파트 입구,10,서울특별시 동대문구 사가정로 190,답십리 래미안엘파인아파트 입구,37.57653046,127.06594086,0,0,431
431,동대문구,ST-1449,00654,전농동 텃골공원,654. 전농동 텃골공원,10,서울특별시 동대문구 사가정로 65,전농동 텃골공원,37.57762146,127.05210876,0,0,432
432,종로구,ST-145,00329,청계2가 사거리 옆,329. 청계2가 사거리 옆,8,서울특별시 종로구 청계천로 93 파고다타워,,37.56848526,126.98788452,0,0,433
433,중랑구,ST-1451,01458,상봉터미널2,1458. 상봉터미널2,9,서울특별시 중랑구 용마산로115길 127,용마산로115길 127,37.59733963,127.09308624,0,0,434
434,중랑구,ST-1452,01459,용마한신아파트사거리,1459. 용마한신아파트사거리,10,서울특별시 중랑구 용마산로 313,용마한신아파트사거리,37.58034897,127.09265137,0,0,435
435,성북구,ST-1454,01362,보문역6번출구 앞,1362. 보문역6번출구 앞,12,서울특별시 성북구 보문로 112-2,,37.58519745,127.01966858,0,0,436
436,성북구,ST-1455,01363,보문4교 인근,1363. 보문4교 인근,25,서울특별시 성북구 보문로22길 28,보문4교 인근,37.58375168,127.02194977,0,0,437
437,성북구,ST-1456,01364,성북동 치안센터 앞,1364. 성북동 치안센터 앞,10,서울특별시 성북구 성북로 25,성북동 치안센터 앞,37.59017181,127.00408936,0,0,438
438,성북구,ST-1457,01365,선잠단지 앞,1365. 선잠단지 앞,10,서울특별시 성북구 성북로 102-10,선잠단지 앞,37.59336090,126.99909210,0,0,439
439,성북구,ST-1458,01366,일신초등학교 옆,1366. 일신초등학교 옆,10,서울특별시 성북구 월곡로 74,일신초등학교 옆,37.59972000,127.04038239,0,0,440
440,성북구,ST-1459,01367,길음문화복합미디어센터,1367. 길음문화복합미디어센터,10,서울특별시 성북구 길음로7길 6 길음뉴타운9단지래미안 상가,,37.60429764,127.02261353,0,0,441
441,중구,ST-146,00330,청계천 한빛광장,330. 청계천 한빛광장,10,서울특별시 중구 남대문로10길 33,삼각동 118,37.56816483,126.98497772,0,0,442
442,성북구,ST-1460,01368,성신여대입구 교차로,1368. 성신여대입구 교차로,10,서울특별시 성북구 동선동3가 230-1,,37.59139633,127.02015686,0,0,443
443,도봉구,ST-1461,01729,도봉한신아파트 버스정류장,1729. 도봉한신아파트 버스정류장,8,서울특별시 도봉구 도봉로 891,파리바게트앞,37.68400955,127.04579163,0,0,444
444,도봉구,ST-1462,01730,도봉산역 교차로 앞,1730. 도봉산역 교차로 앞,8,서울특별시 도봉구 도봉산길 10,도봉산역 교차로 앞,37.68759155,127.04550171,0,0,445
445,도봉구,ST-1463,01731,도봉고등학교 맞은편,1731. 도봉고등학교 맞은편,10,서울특별시 도봉구 도봉동 282-16,,37.68762970,127.04221344,0,0,446
446,도봉구,ST-1464,01732,방학역사거리,1732. 방학역사거리,10,서울특별시 도봉구 도봉로 707,우리은행 앞,37.66759872,127.04299927,0,0,447
447,도봉구,ST-1465,01733,방학사거리 (봄마당 앞),1733. 방학사거리 (봄마당 앞),12,서울특별시 도봉구 방학로 102,방학사거리 (봄마당 앞),37.66297913,127.04193878,0,0,448
448,도봉구,ST-1466,01734,쌍문현대1차아파트 108동 앞,1734. 쌍문현대1차아파트 108동 앞,10,서울특별시 도봉구 해등로 218,쌍문현대1차아파트 108동 앞,37.65814972,127.03266907,0,0,449
449,도봉구,ST-1467,01735,"도봉역 1,2번 출구사이 건너편","1735. 도봉역 1,2번 출구사이 건너편",13,서울특별시 도봉구 도봉로170길 2,"도봉역 1,2번 출구사이 건너편",37.67911911,127.04498291,0,0,450
450,도봉구,ST-1468,01736,버스정류장 앞,1736. 버스정류장 앞,12,서울특별시 도봉구 도봉로 528,버스정류장 앞,37.65224075,127.03706360,0,0,451
451,도봉구,ST-1469,01737,신창시장,1737. 신창시장,10,서울특별시 도봉구 덕릉로 249,하나은행 (창동점),37.63970184,127.03883362,0,0,452
452,중구,ST-147,00331,을지로2가 사거리 북측,331. 을지로2가 사거리 북측,10,서울특별시 중구 을지로 79,을지로2가 사거리 북측,37.56638336,126.98720551,0,0,453
453,도봉구,ST-1470,01738,창동주공17단지 상가앞,1738. 창동주공17단지 상가앞,10,서울특별시 도봉구 덕릉로 404,창동주공17단지 상가앞,37.64630890,127.05274200,0,0,454
454,도봉구,ST-1471,01739,창동한신,1739. 창동한신,5,서울특별시 도봉구 덕릉로60바길 21,창동한신,37.63885880,127.04117584,0,0,455
455,노원구,ST-1473,01683,노원문화예술회관,1683. 노원문화예술회관,5,서울특별시 노원구 중계로 181,노원문화예술회관,37.65045929,127.08088684,0,0,456
456,노원구,ST-1474,01684,태릉입구역 5번출구,1684. 태릉입구역 5번출구,20,서울특별시 노원구 동일로 986,태릉입구역 5번출구와 6번출구 사이,37.61832047,127.07563019,0,0,457
457,노원구,ST-1475,01685,불암고등학교 앞 횡단보도,1685. 불암고등학교 앞 횡단보도,8,서울특별시 노원구 중계로 155,불암고등학교 앞 횡단보도,37.64818954,127.08048248,0,0,458
458,노원구,ST-1476,01686,상계주공10단지 종합상가 앞,1686. 상계주공10단지 종합상가 앞,15,서울특별시 노원구 동일로227길 85,온수골사거리(스타벅스앞),37.66114044,127.05805206,0,0,459
459,은평구,ST-1479,00958,본 서부병원 버스정류장(은평 세무서 방면),958. 본 서부병원 버스정류장(은평 세무서 방면),13,서울특별시 은평구 은평로 136,신한은행 응암동 지점 앞,37.60036087,126.92281342,0,0,460
460,중구,ST-148,00332,을지로2가 사거리 남측,332. 을지로2가 사거리 남측,5,서울특별시 중구 을지로 100,을지로2가 사거리 남측,37.56599045,126.98779297,0,0,461
461,은평구,ST-1480,00959,구파발10단지 인근,959. 구파발10단지 인근,10,서울특별시 은평구 진관3로 73-17,구파발10단지 인근,37.64366150,126.91455841,0,0,462
462,은평구,ST-1481,00960,구파발역 환승센터,960. 구파발역 환승센터,15,서울특별시 은평구 진관2로 지하 15-25,구파발역 환승센터,37.63825226,126.91945648,0,0,463
463,은평구,ST-1482,00961,불광역 9번 출구,961. 불광역 9번 출구,8,서울특별시 은평구 통일로 732,불광역 9번 출구,37.61096954,126.92980957,0,0,464
464,은평구,ST-1483,00962,은평뉴타운 힐데스하임,962. 은평뉴타운 힐데스하임,10,서울특별시 은평구 진관2로 15-46,은평구 진관2로 15-46,37.63925934,126.91890717,0,0,465
465,은평구,ST-1484,00963,대호프라자아파트,963. 대호프라자아파트,13,서울특별시 은평구 불광로 90,대호프라자아파트,37.61442947,126.93257904,0,0,466
466,은평구,ST-1485,00964,북한산힐스테이트 7차아파트,964. 북한산힐스테이트 7차아파트,10,서울특별시 은평구 통일로 796 북한산 힐스테이트7차,,37.61654282,126.92512512,0,0,467
467,은평구,ST-1486,00965,서울특별시 은평병원,965. 서울특별시 은평병원,10,서울특별시 은평구 백련산로 90,서울특별시 은평병원,37.59347916,126.92318726,0,0,468
468,은평구,ST-1487,00966,서울혁신파크1,966. 서울혁신파크1,10,서울특별시 은평구 녹번동 7-4,,37.60944748,126.93467712,0,0,469
469,은평구,ST-1488,00967,서울혁신파크2,967. 서울혁신파크2,13,서울특별시 은평구 통일로 684 서울혁신파크,,37.60849762,126.93199921,0,0,470
470,은평구,ST-1489,00968,은평뉴타운 상림마을 13단지,968. 은평뉴타운 상림마을 13단지,7,서울특별시 은평구 진관4로 48-50,은평뉴타운 상림마을 13단지,37.64208984,126.92941284,0,0,471
471,종로구,ST-149,00333,창덕궁 매표소 앞,333. 창덕궁 매표소 앞,10,서울특별시 종로구 창경궁로 185,창덕궁 매표소 앞,37.57770538,126.99178314,0,0,472
472,은평구,ST-1490,00969,은평 지웰테라스,969. 은평 지웰테라스,9,서울특별시 은평구 진관4로 78-38 은평지웰 테라스,,37.64339447,126.93213654,0,0,473
473,서대문구,ST-1491,03103,홍제삼거리 북측,3103. 홍제삼거리 북측,8,서울특별시 서대문구 통일로 지하 440-1,홍제삼거리 북측,37.58670044,126.94676971,0,0,474
474,서대문구,ST-1492,03104,e편한세상 신촌4단지 앞,3104. e편한세상 신촌4단지 앞,13,서울특별시 마포구 신촌로 지하 270,e편한세상 신촌4단지 앞,37.55812836,126.95620728,0,0,475
475,서대문구,ST-1493,03105,홍은센트레빌 아파트 앞,3105. 홍은센트레빌 아파트 앞,9,서울특별시 서대문구 통일로 553,홍은센트레빌 아파트 앞,37.59714890,126.93852997,0,0,476
476,마포구,ST-1494,00432,마포중앙도서관,432. 마포중앙도서관,10,서울특별시 마포구 성산로 128,마포중앙도서관,37.56333923,126.90820312,0,0,477
477,양천구,ST-1495,00754,목동1단지아파트 118동 앞,754. 목동1단지아파트 118동 앞,10,서울특별시 양천구 목동서로 38,목동1단지아파트 118동 앞 (월촌초등학교 정류소 옆),37.54114151,126.87667847,0,0,478
478,양천구,ST-1496,00755,목동1단지아파트 상가 앞,755. 목동1단지아파트 상가 앞,7,서울특별시 양천구 목동서로 38,목동1단지아파트 상가 앞 (월촌중학교 버스정류소 옆),37.53786850,126.88140869,0,0,479
479,양천구,ST-1497,00756,목동주차장,756. 목동주차장,15,서울특별시 양천구 목동동로 298,목동주차장,37.52667999,126.87616730,0,0,480
480,양천구,ST-1498,00757,신정이펜하우스 1단지아파트 입구 사거리,757. 신정이펜하우스 1단지아파트 입구 사거리,10,서울특별시 양천구 신정이펜1로 99,신정이펜하우스 1단지아파트 입구 사거리,37.51427841,126.82874298,0,0,481
481,양천구,ST-1499,00758,한사랑교회 앞,758. 한사랑교회 앞,13,서울특별시 양천구 목동동로 33,한사랑교회 앞,37.51472092,126.85919952,0,0,482
482,마포구,ST-15,00111,상수역 2번출구 앞,111. 상수역 2번출구 앞,10,서울특별시 마포구 와우산로 40,309-10,37.54787064,126.92353058,0,0,483
483,종로구,ST-150,00334,종로3가역 2번출구 뒤,334. 종로3가역 2번출구 뒤,10,서울특별시 종로구 종로 지하129,종로3가역 2번출구 뒤,37.57059860,126.99179077,0,0,484
484,양천구,ST-1500,00759,보아스아파트 앞,759. 보아스아파트 앞,10,서울특별시 양천구 오목로3길 32,보아스아파트 앞,37.52407074,126.83860016,0,0,485
485,양천구,ST-1501,00760,잣절보도육교 아래,760. 잣절보도육교 아래,10,서울특별시 양천구 남부순환로 699,잣절보도육교 아래,37.50682068,126.84429932,0,0,486
486,양천구,ST-1503,00762,오목로 무중력지대 앞,762. 오목로 무중력지대 앞,10,서울특별시 양천구 신목로 126,,37.52474213,126.87766266,0,0,487
487,양천구,ST-1504,00763,목동11단지 아파트,763. 목동11단지 아파트,10,서울특별시 양천구 목동동로 10,목동11단지 아파트,37.51065826,126.85916138,0,0,488
488,양천구,ST-1505,00764,목동청소년수련관,764. 목동청소년수련관,30,서울특별시 양천구 목동동로 323,목동자전거무료대여소,37.53102875,126.87589264,0,0,489
489,강서구,ST-1506,01169,염창역 1번 출구,1169. 염창역 1번 출구,8,서울특별시 강서구 공항대로 625,염창역 1번 출구,37.54719925,126.87448883,0,0,490
490,강서구,ST-1507,01170,강서구보건소,1170. 강서구보건소,11,서울특별시 강서구 공항대로 571,강서구보건소 (삼성디지털 프라자),37.54917908,126.86879730,0,0,491
491,강서구,ST-1508,01171,염창동 새마을금고 건너편,1171. 염창동 새마을금고 건너편,8,서울특별시 강서구 양천로 696,염창동 새마을금고 건너편 (모닝글로리),37.55004883,126.87316132,0,0,492
492,강서구,ST-1509,01172,가양3동 주민센터,1172. 가양3동 주민센터,8,서울특별시 강서구 허준로 202,가양3동 주민센터,37.56124878,126.86058044,0,0,493
493,종로구,ST-151,00335,종로3가역 15번출구 앞,335. 종로3가역 15번출구 앞,10,서울특별시 종로구 종로 128-2 가로판매대,,37.57019424,126.99165344,0,0,494
494,강서구,ST-1510,01173,강서구청사거리(SH타워),1173. 강서구청사거리(SH타워),15,서울특별시 강서구 공항대로 411,강서구청사거리(SH타워),37.55673599,126.85307312,0,0,495
495,강서구,ST-1511,01174,강서구청사거리(부민병원),1174. 강서구청사거리(부민병원),9,서울특별시 강서구 공항대로 389 부민병원,,37.55661392,126.85116577,0,0,496
496,강서구,ST-1512,01175,대한항공 인력개발센터,1175. 대한항공 인력개발센터,15,서울특별시 강서구 공항대로 453,대한항공 인력개발센터,37.55437851,126.85753632,0,0,497
497,강서구,ST-1514,01177,수명중․고교,1177. 수명중․고교,15,서울특별시 강서구 수명로1길 16,마곡수명산파크4단지아파트 401동 앞,37.55010986,126.82367706,0,0,498
498,강서구,ST-1515,01178,개화산역 2번 출구,1178. 개화산역 2번 출구,10,서울특별시 강서구 양천로 22,개화산역 2번 출구,37.57247162,126.80616760,0,0,499
499,강서구,ST-1517,01180,마곡엠밸리 15단지(1502동) 건너편,1180. 마곡엠밸리 15단지(1502동) 건너편,15,서울특별시 강서구 마곡중앙로 36,마곡엠밸리 15단지(1502동) 건너편,37.55746841,126.82971954,0,0,500
500,강서구,ST-1518,01181,농수산식품공사 (강서지사),1181. 농수산식품공사 (강서지사),10,서울특별시 강서구 발산로 40,농산식품공사 (강서지사),37.55104446,126.81849670,0,0,501
501,강서구,ST-1519,01182,KBS 스포츠월드,1182. KBS 스포츠월드,20,서울특별시 강서구 공항대로 376,KBS 스포츠월드,37.55687714,126.84880829,0,0,502
502,중구,ST-152,00336,충무로역 6번출구 앞,336. 충무로역 6번출구 앞,8,서울특별시 중구 퇴계로 214 충무로역 3.4호선,,37.56144714,126.99311066,0,0,503
503,강서구,ST-1520,01183,KC 대학교,1183. KC 대학교,10,서울특별시 강서구 까치산로24길 47,KC 대학교,37.54832077,126.85340118,0,0,504
504,구로구,ST-1521,01986,태평양물산,1986. 태평양물산,15,서울특별시 구로구 디지털로31길 12,태평양물산IT빌딩 앞,37.48485947,126.89518738,0,0,505
505,구로구,ST-1522,01987,개봉아이파크아파트 앞,1987. 개봉아이파크아파트 앞,15,서울특별시 구로구 개봉로2길 133-15,개봉아이파크아파트 앞,37.49034119,126.86093140,0,0,506
506,구로구,ST-1523,01988,고척LIGA아파트 앞,1988. 고척LIGA아파트 앞,20,서울특별시 구로구 중앙로 100,고척LIGA아파트 앞,37.50605011,126.86078644,0,0,507
507,구로구,ST-1526,01991,오류동역 맞은편,1991. 오류동역 맞은편,13,서울특별시 구로구 경인로 219,동방서적,37.49676132,126.84496307,0,0,508
508,구로구,ST-1527,01992,구로구배드민턴실내체육관 앞,1992. 구로구배드민턴실내체육관 앞,12,서울특별시 구로구 경인로15길 75,구로구배드민턴실내체육관 앞,37.49179840,126.83242035,0,0,509
509,구로구,ST-1528,01993,금강수목원아파트 앞,1993. 금강수목원아파트 앞,10,서울특별시 구로구 오리로 1197,금강수목원아파트 앞,37.48937988,126.83419800,0,0,510
510,구로구,ST-1529,01994,삼성전자 물류센터 앞,1994. 삼성전자 물류센터 앞,10,서울특별시 구로구 구일로 126,삼성전자 물류센터 앞,37.49699783,126.87178040,0,0,511
511,종로구,ST-153,00337,창경궁 입구,337. 창경궁 입구,5,서울특별시 종로구 창경궁로 185,창경궁 입구,37.57897949,126.99647522,0,0,512
512,구로구,ST-1531,01996,구일역 1번 출입구 앞,1996. 구일역 1번 출입구 앞,20,서울특별시 구로구 구일로10길 27,SK허브수 A동,37.49539948,126.87100983,0,0,513
513,금천구,ST-1533,01852,혜명양로원 담장 옆,1852. 혜명양로원 담장 옆,10,서울특별시 금천구 금하로29길 36,혜명양로원 담장 옆,37.45177078,126.91339874,0,0,514
514,금천구,ST-1534,01853,서울디자인직업전문학교 앞,1853. 서울디자인직업전문학교 앞,10,서울특별시 금천구 가산로 70,서울디자인직업전문학교 앞,37.47248077,126.89586639,0,0,515
515,금천구,ST-1535,01854,가산아네스트 오피스텔 앞,1854. 가산아네스트 오피스텔 앞,10,서울특별시 금천구 남부순환로 1314,가산아네스트 오피스텔 앞,37.47817993,126.89740753,0,0,516
516,금천구,ST-1536,01855,성지아파트 옆 도로변,1855. 성지아파트 옆 도로변,10,서울특별시 금천구 시흥대로51길 55,성지아파트 옆 도로변,37.45132065,126.89762115,0,0,517
517,금천구,ST-1537,01856,모두의학교,1856. 모두의학교,10,서울특별시 금천구 남부순환로128길 42,모두의학교,37.47840881,126.90737152,0,0,518
518,금천구,ST-1538,01857,주공14단지,1857. 주공14단지,10,서울특별시 금천구 한내로 69-54,주공14단지,37.46055984,126.88709259,0,0,519
519,영등포구,ST-1539,00280,양평동6차현대아파트 앞,280. 양평동6차현대아파트 앞,10,서울특별시 영등포구 선유로 213,선유중학교 정문,37.53210068,126.89443970,0,0,520
520,종로구,ST-154,00338,세운스퀘어 앞,338. 세운스퀘어 앞,18,서울특별시 종로구 창경궁로 109,세운스퀘어 앞,37.57095718,126.99712372,0,0,521
521,영등포구,ST-1540,00281,대림신동아아파트 앞,281. 대림신동아아파트 앞,8,서울특별시 영등포구 가마산로 315,신동아아파트 앞,37.49824142,126.89398193,0,0,522
522,영등포구,ST-1541,00282,신한은행 대림동지점,282. 신한은행 대림동지점,10,서울특별시 영등포구 시흥대로 617,신한은행,37.48752975,126.90487671,0,0,523
523,동작구,ST-1542,02066,양문교회 앞,2066. 양문교회 앞,10,서울특별시 동작구 시흥대로 646,미스터가이드양복전문점,37.48939896,126.90711212,0,0,524
524,동작구,ST-1543,02067,보라매역․동작세무서 버스정류장(강남중학교방면),2067. 보라매역․동작세무서 버스정류장(강남중학교방면),10,서울특별시 동작구 여의대방로 122,LG전자 베스트샾 대리점 앞,37.49766922,126.91986847,0,0,525
525,동작구,ST-1544,02068,총신대 앞(육교),2068. 총신대 앞(육교),8,서울특별시 동작구 동작대로 지하 3,총신대 앞(육교),37.48815918,126.96647644,0,0,526
526,동작구,ST-1545,02070,노량진역 2번 출구 앞,2070. 노량진역 2번 출구 앞,18,서울특별시 동작구 노량진로 155,노량진역 2번 출구 앞,37.51391983,126.94306946,0,0,527
527,관악구,ST-1546,02177,신대방역 2번 출구,2177. 신대방역 2번 출구,19,서울특별시 관악구 난곡로 367,신대방역 2번 출구,37.48712921,126.91301727,0,0,528
528,관악구,ST-1547,02178,서울대학교 정문,2178. 서울대학교 정문,20,서울특별시 관악구 관악로 1 서울대학교,,37.46709442,126.94932556,0,0,529
529,관악구,ST-1548,02179,양녕로 입구,2179. 양녕로 입구,7,서울특별시 관악구 남부순환로 1761,양녕로 입구,37.48218918,126.94615936,0,0,530
530,관악구,ST-1549,02180,신림동주민센터,2180. 신림동주민센터,10,서울특별시 관악구 신림동길 8,신림동주민센터,37.48751068,126.92778778,0,0,531
531,종로구,ST-155,00339,종로4가 사거리,339. 종로4가 사거리,10,서울특별시 종로구 종로 185,종로4가 사거리,37.57106781,126.99819183,0,0,532
532,서초구,ST-1552,02501,서초 포레스타5단지,2501. 서초 포레스타5단지,10,서울특별시 서초구 청계산로7길 43,서초 포레스타5단지,37.45066071,127.05706024,0,0,533
533,서초구,ST-1553,02502,서초역1번출구 앞,2502. 서초역1번출구 앞,9,서울특별시 서초구 서초대로 248,서초역1번출구 앞,37.49195099,127.00855255,0,0,534
534,서초구,ST-1554,02503,반포1동 서초빌딩 앞,2503. 반포1동 서초빌딩 앞,10,서울특별시 서초구 사평대로 349,반포1동 서초빌딩 앞,37.50381088,127.02136230,0,0,535
535,서초구,ST-1555,02504,신사역 4번출구 뒤,2504. 신사역 4번출구 뒤,10,서울특별시 서초구 강남대로 605,신사역 4번출구 뒤,37.51588058,127.01930237,0,0,536
536,서초구,ST-1556,02505,우성아파트사거리 (기업은행앞),2505. 우성아파트사거리 (기업은행앞),12,서울특별시 서초구 강남대로 341,삼원빌딩,37.49325943,127.02953339,0,0,537
537,서초구,ST-1557,02506,LG유플러스 (방배사옥),2506. LG유플러스 (방배사옥),10,서울특별시 서초구 효령로 58,LG유플러스 (방배사옥),37.47909164,126.99067688,0,0,538
538,강남구,ST-1559,02389,경기여자고등학교 후문 (삼성로3길 입구),2389. 경기여자고등학교 후문 (삼성로3길 입구),15,서울특별시 강남구 개포로 지하 420,경기여자고등학교 후문 (삼성로3길 입구),37.48616028,127.06723785,0,0,539
539,종로구,ST-156,00340,혜화동 로터리,340. 혜화동 로터리,8,서울특별시 종로구 창경궁로 271-1,혜화동 로터리,37.58562851,127.00067902,0,0,540
540,강남구,ST-1560,02390,구룡마을 입구 (래미안블레스티지 아파트),2390. 구룡마을 입구 (래미안블레스티지 아파트),13,서울특별시 강남구 양재대로 478,구룡마을 입구 (래미안블레스티지 아파트),37.48088074,127.06304169,0,0,541
541,강남구,ST-1561,02391,구룡터널 입구(개포1단지아파트),2391. 구룡터널 입구(개포1단지아파트),7,서울특별시 강남구 양재대로 478,구룡마을 입구(개포1단지아파트),37.47598648,127.05962372,0,0,542
542,강남구,ST-1562,02392,구룡산 입구 (구룡산 서울둘레길 입구),2392. 구룡산 입구 (구룡산 서울둘레길 입구),10,서울특별시 강남구 개포동 1277,,37.47447205,127.05545044,0,0,543
543,강남구,ST-1563,02393,구룡사 앞 교차로 (보도육교),2393. 구룡사 앞 교차로 (보도육교),7,서울특별시 강남구 논현로2길 6,구룡사 앞 교차로 (보도육교),37.47200012,127.05133820,0,0,544
544,강남구,ST-1564,02394,개포래미안포레스트아파트 107동 앞,2394. 개포래미안포레스트아파트 107동 앞,10,서울특별시 강남구 개포동 659,,37.48025131,127.05419159,0,0,545
545,강남구,ST-1565,02395,개포1단지아파트 입구 (보도육교),2395. 개포1단지아파트 입구 (보도육교),7,서울특별시 강남구 개포로 310,개포1단지아파트 입구 (보도육교),37.47929001,127.05573273,0,0,546
546,강남구,ST-1566,02396,영동3교 북단(우성캐릭터 앞 보도),2396. 영동3교 북단(우성캐릭터 앞 보도),15,서울특별시 강남구 언주로 118,영동3교 북단(우성캐릭터 앞 보도),37.48574066,127.05104828,0,0,547
547,강남구,ST-1568,02398,더라움,2398. 더라움,10,서울특별시 강남구 언주로 564,더라움,37.50811005,127.03945160,0,0,548
548,종로구,ST-157,00341,혜화역 3번출구 뒤,341. 혜화역 3번출구 뒤,8,서울특별시 종로구 대학로 지하120,혜화역 3번출구 뒤,37.58156967,127.00178528,0,0,549
549,강남구,ST-1571,02401,밀알학교 입구 (삼성서울병원 입구),2401. 밀알학교 입구 (삼성서울병원 입구),10,서울특별시 강남구 일원로 90,밀알학교 입구 (삼성서울병원 입구),37.48656082,127.08267212,0,0,550
550,강남구,ST-1573,02403,공무원연금매점 교차로 (개포주공9단지 입구),2403. 공무원연금매점 교차로 (개포주공9단지 입구),10,서울특별시 강남구 영동대로4길 10,공무원연금매점 교차로 (개포주공9단지 입구),37.48871994,127.07453918,0,0,551
551,강남구,ST-1574,02404,대모산입구역 4번 출구 앞,2404. 대모산입구역 4번 출구 앞,10,서울특별시 강남구 개포로 지하 522,대모산입구역 4번 출구 앞,37.49180984,127.07315826,0,0,552
552,강남구,ST-1575,02405,청담공원앞 교차로,2405. 청담공원앞 교차로,14,서울특별시 강남구 학동로 지하 346,청담공원앞 교차로,37.51871109,127.05084991,0,0,553
553,강남구,ST-1576,02406,논현동 광명빌딩 앞,2406. 논현동 광명빌딩 앞,10,서울특별시 강남구 도산대로 138,논현동 광명빌딩 앞,37.51757050,127.02364349,0,0,554
554,강남구,ST-1577,02407,역삼서초삼성 세무서 앞 (역삼빌딩 앞),2407. 역삼서초삼성 세무서 앞 (역삼빌딩 앞),10,서울특별시 강남구 강남대로 지하 396,역삼.서초.삼성 세무서 앞 (역삼빌딩 앞),37.49847031,127.03011322,0,0,555
555,강남구,ST-1578,02408,강남한양수자인아파트,2408. 강남한양수자인아파트,14,서울특별시 강남구 자곡로 260,강남한양수자인아파트,37.47734070,127.11327362,0,0,556
556,송파구,ST-1579,01290,위례송파꿈에그린아파트24단지 앞 성벽 다리 밑,1290. 위례송파꿈에그린아파트24단지 앞 성벽 다리 밑,10,서울특별시 송파구 장지동 901-1,,37.47458267,127.13754272,0,0,557
557,종로구,ST-158,00342,대학로 마로니에공원,342. 대학로 마로니에공원,22,서울특별시 종로구 대학로 104,대학로 마로니에공원,37.57978439,127.00253296,0,0,558
558,송파구,ST-1580,01291,서울체육고등학교 앞,1291. 서울체육고등학교 앞,10,서울특별시 송파구 강동대로 232,서울체육고등학교 앞,37.52193832,127.13186646,0,0,559
559,송파구,ST-1582,01293,석촌호수 서호 사거리,1293. 석촌호수 서호 사거리,14,서울특별시 송파구 석촌호수로 176,석촌호교차로 (스타벅스 앞),37.50656128,127.09655762,0,0,560
560,송파구,ST-1584,01295,잠실역 8번출구,1295. 잠실역 8번출구,8,서울특별시 송파구 올림픽로 305,잠실역 8번출구,37.51396179,127.10030365,0,0,561
561,송파구,ST-1585,01296,석촌호수교차로 (송파나루근린공원 앞),1296. 석촌호수교차로 (송파나루근린공원 앞),10,서울특별시 송파구 석촌호수로12길 1-16,석촌호수교차로 (송파나루근린공원 앞),37.50867844,127.10343170,0,0,562
562,송파구,ST-1586,01297,석촌호수교차로(동호 팔각정 앞),1297. 석촌호수교차로(동호 팔각정 앞),15,서울특별시 송파구 석촌호수로12길 1-16,석촌호수교차로(동호 팔각정 앞),37.50920105,127.10411835,0,0,563
563,송파구,ST-1588,01299,송파소방서 (방이119안전센터),1299. 송파소방서 (방이119안전센터),15,서울특별시 송파구 강동대로 286,송파소방서 (방이119안전센터),37.51987839,127.13671112,0,0,564
564,송파구,ST-1589,01300,오륜사거리,1300. 오륜사거리,15,서울특별시 송파구 성내천로16길 17,오륜사거리,37.50693893,127.13922119,0,0,565
565,종로구,ST-159,00343,힐스테이트창경궁 아파트 앞,343. 힐스테이트창경궁 아파트 앞,6,서울특별시 종로구 충신동 60,,37.57561111,127.00469971,0,0,566
566,송파구,ST-1590,02601,석촌호수 아뜰리에,2601. 석촌호수 아뜰리에,16,서울특별시 송파구 삼학사로 136,석촌호수 서호사거리,37.50674820,127.09883118,0,0,567
567,송파구,ST-1591,02602,위례24단지 꿈에그린아파트,2602. 위례24단지 꿈에그린아파트,,서울특별시 송파구 위례광장로 121,위례24단지 꿈에그린아파트,37.47729111,127.13789368,0,0,568
568,송파구,ST-1592,02603,송파 글마루 도서관,2603. 송파 글마루 도서관,10,서울특별시 송파구 충민로 120 송파글마루 도서관,,37.48095322,127.13010406,0,0,569
569,강동구,ST-1593,01052,리싸이클시티,1052. 리싸이클시티,10,서울특별시 강동구 동남로 926 강동푸드마켓,,37.55644989,127.15682220,0,0,570
570,강동구,ST-1594,01053,동명근린공원 진입로 (아리수로),1053. 동명근린공원 진입로 (아리수로),11,서울특별시 강동구 고덕동 230,,37.56254578,127.16448212,0,0,571
571,강동구,ST-1595,01054,말우물 어린이 공원,1054. 말우물 어린이 공원,5,서울특별시 강동구 상일로21길 14-7 고덕2동경로당,,37.56002808,127.16967773,0,0,572
572,강동구,ST-1597,01056,강일리버파크 7~11단지,1056. 강일리버파크 7~11단지,10,서울특별시 강동구 아리수로98길 25 강일리버파크7단지아파트,,37.56335449,127.17905426,0,0,573
573,강동구,ST-1598,01057,능골근린공원,1057. 능골근린공원,15,서울특별시 강동구 강일동 736,,37.55580902,127.17374420,0,0,574
574,성동구,ST-1599,03525,금호스포츠센터앞,3525. 금호스포츠센터앞,15,서울특별시 성동구 금호로 30,독서당 인문아카데미센터,37.54608917,127.02507019,0,0,575
575,마포구,ST-16,00112,극동방송국 앞,112. 극동방송국 앞,10,서울특별시 마포구 와우산로 56,89-2,37.54920197,126.92320251,0,0,576
576,종로구,ST-160,00344,성균관대 E하우스 앞,344. 성균관대 E하우스 앞,10,서울특별시 종로구 율곡로 257 성균관대학교충신동기숙사별관,,37.57419968,127.00659180,0,0,577
577,성동구,ST-1601,03527,왕십리 자이아파트(101동 앞),3527. 왕십리 자이아파트(101동 앞),5,서울특별시 성동구 난계로 100,왕십리 자이아파트 103동 인근,37.56179047,127.02439117,0,0,578
578,광진구,ST-1602,03528,광진정보도서관,3528. 광진정보도서관,8,서울특별시 광진구 아차산로78길 90,광진정보도서관,37.55059814,127.11051178,0,0,579
579,광진구,ST-1603,03529,어린이대공원정문,3529. 어린이대공원정문,15,서울특별시 광진구 능동로 216,어린이대공원정문,37.54978943,127.07592773,0,0,580
580,종로구,ST-1605,00452,동대문 종합시장 버스정류장,452. 동대문 종합시장 버스정류장,13,서울특별시 종로구 종로 239,동대문 종합시장 버스정류장,37.57123947,127.00440979,0,0,581
581,종로구,ST-1606,00453,종로오가 지하쇼핑센터 14번출구,453. 종로오가 지하쇼핑센터 14번출구,10,서울특별시 종로구 종로 지하 200,종로5가 지하쇼핑센터 14번출구,37.57114029,127.00067139,0,0,582
582,종로구,ST-1607,00454,종로2가 버스정류장 (종각방향),454. 종로2가 버스정류장 (종각방향),13,서울특별시 종로구 종로 79-1,종로2가 버스정류장 (종각방향),37.57035828,126.98638153,0,0,583
583,종로구,ST-1608,00455,종로6가역 버스정류장(동대문 방향),455. 종로6가역 버스정류장(동대문 방향),8,서울특별시 종로구 종로 254-1,삼익한의원,37.57096100,127.00605774,0,0,584
584,종로구,ST-1609,00456,숭인2동 주민센터 입구,456. 숭인2동 주민센터 입구,10,서울특별시 종로구 종로 383-1,숭인2동 주민센터 입구 (이강3대냉면),37.57447052,127.01982880,0,0,585
585,종로구,ST-161,00345,서울보증보험본사 앞,345. 서울보증보험본사 앞,18,서울특별시 종로구 김상옥로 29,서울보증보험본사 앞,37.57330704,127.00070953,0,0,586
586,종로구,ST-1610,00457,종로꽃시장 입구 옆,457. 종로꽃시장 입구 옆,10,서울특별시 종로구 율곡로 지하 308,종로꾳시장 입구 옆,37.57131958,127.00720978,0,0,587
587,종로구,ST-1611,00458,광화문역 5번출구,458. 광화문역 5번출구,21,서울특별시 종로구 세종대로 152 일민미술관,,37.56989288,126.97756958,0,0,588
588,강북구,ST-1614,01545,솔샘역 2번 출구,1545. 솔샘역 2번 출구,10,서울특별시 강북구 솔샘로 195,솔샘역 2번 출구,37.62038040,127.01367950,0,0,589
589,용산구,ST-1615,00845,용산 선인상가,845. 용산 선인상가,16,서울특별시 용산구 새창로 181,선인상가,37.53269958,126.96437836,0,0,590
590,성동구,ST-1616,03530,왕십리자이아파트 후문(삼거리),3530. 왕십리자이아파트 후문(삼거리),10,서울특별시 성동구 무학봉길 35,왕십리자이아파트 후문(삼거리),37.56014633,127.02635956,0,0,591
591,성동구,ST-1617,03531,논골사거리(금호도서관 입구),3531. 논골사거리(금호도서관 입구),10,서울특별시 성동구 난계로 20,논골사거리(금호도서관 입구),37.55477905,127.02484131,0,0,592
592,성동구,ST-1618,03532,왕십리KCC스위첸아파트,3532. 왕십리KCC스위첸아파트,9,서울특별시 성동구 무학봉길 35,왕십리KCC스위첸아파트,37.56068039,127.02677917,0,0,593
593,종로구,ST-1619,00461,서울지방경찰청,461. 서울지방경찰청,10,서울특별시 종로구 사직로8길 31,서울지방경찰청,37.57436371,126.97236633,0,0,594
594,중구,ST-162,00346,맥스타일 앞,346. 맥스타일 앞,10,서울특별시 중구 마장로 3,맥스타일,37.56918335,127.00988007,0,0,595
595,강동구,ST-1620,01060,천일초교 사거리,1060. 천일초교 사거리,6,서울특별시 강동구 천호동 297-19,,37.54467010,127.13267517,0,0,596
596,강동구,ST-1621,01061,천호초교 입구 사거리(일주빌딩),1061. 천호초교 입구 사거리(일주빌딩),8,서울특별시 강동구 구천면로 304 일주빌딩,,37.54689789,127.13466644,0,0,597
597,강동구,ST-1622,01062,고덕숲 아이파크 2,1062. 고덕숲 아이파크 2,10,서울특별시 강동구 상일동 515-1,,37.55107880,127.16259766,0,0,598
598,강동구,ST-1623,01058,고덕숲 아이파크 1,1058. 고덕숲 아이파크 1,12,서울특별시 강동구 상일동 518-2,,37.55348206,127.16505432,0,0,599
599,동대문구,ST-1625,00661,경희대학교 청운관,661. 경희대학교 청운관,15,서울특별시 동대문구 경희대로 23 경희의료원,,37.59460068,127.05197144,0,0,600
600,강동구,ST-1626,01059,래미안 강동팰리스(102동),1059. 래미안 강동팰리스(102동),15,서울특별시 강동구 천호동 571-2,,37.53822708,127.13174438,0,0,601
601,송파구,ST-1627,02604,풍납토성 서성벽터A,2604. 풍납토성 서성벽터A,10,서울특별시 송파구 토성로 2,삼표레미콘 앞,37.53131104,127.11128235,0,0,602
602,동대문구,ST-1628,00656,영휘원 교차로,656. 영휘원 교차로,10,서울특별시 동대문구 홍릉로 78-1,영휘원 교차로,37.58723831,127.04313660,0,0,603
603,동대문구,ST-1629,00657,동대문롯데캐슬아파트 앞,657. 동대문롯데캐슬아파트 앞,13,서울특별시 동대문구 전농동 695-5,,37.57573318,127.04847717,0,0,604
604,중구,ST-163,00347,동대문역사문화공원역 9번출구 앞,347. 동대문역사문화공원역 9번출구 앞,18,서울특별시 중구 장충단로 지하230,동대문역사문화공원역 9번출구 앞,37.56533051,127.00784302,0,0,605
605,동대문구,ST-1630,00658,촬영소 사거리,658. 촬영소 사거리,10,서울특별시 동대문구 답십리동 2-221,,37.57288361,127.06604767,0,0,606
606,동대문구,ST-1631,00659,제기동역 1번출구,659. 제기동역 1번출구,25,서울특별시 동대문구 왕산로 87,제기역1번출구,37.57835007,127.03338623,0,0,607
607,동대문구,ST-1632,00660,동의보감타워,660. 동의보감타워,10,서울특별시 동대문구 왕산로 128,동의보감타워,37.57799911,127.03762817,0,0,608
608,성북구,ST-1633,01369,미아사거리,1369. 미아사거리,15,서울특별시 성북구 동소문로 327,미아사거리,37.60913086,127.03002930,0,0,609
609,성북구,ST-1634,01370,복자사랑 피정의 집,1370. 복자사랑 피정의 집,10,서울특별시 성북구 성북로 132-4,복자사랑 피정의 집,37.59453964,126.99520874,0,0,610
610,성북구,ST-1636,01372,KEB은행 고대점,1372. KEB은행 고대점,20,서울특별시 성북구 인촌로 113,KEB은행 고대점,37.58644485,127.03160095,0,0,611
611,성북구,ST-1637,01373,성북구보건소 건너편,1373. 성북구보건소 건너편,8,서울특별시 성북구 하월곡동 46-126,,37.60235596,127.03907776,0,0,612
612,도봉구,ST-1638,01741,제일강산수산입구,1741. 제일강산수산입구,20,서울특별시 도봉구 도봉로 444,제일강산수산입구,37.64519882,127.03298187,0,0,613
613,노원구,ST-1639,01688,마들역 7번출구,1688. 마들역 7번출구,9,서울특별시 노원구 동일로 지하 1530-1,마들역 7번출구,37.66566086,127.05729675,0,0,614
614,노원구,ST-1640,01689,마들역 3번출구,1689. 마들역 3번출구,10,서울특별시 노원구 동일로 지하 1530-1,마들역 3번출구,37.66524887,127.05789185,0,0,615
615,노원구,ST-1641,01690,도봉운전면허시험장 버스정류장 옆,1690. 도봉운전면허시험장 버스정류장 옆,10,서울특별시 노원구 동일로 1449,도봉운전면허시험장,37.65773010,127.05931091,0,0,616
616,노원구,ST-1642,01691,노원정보도서관,1691. 노원정보도서관,10,서울특별시 노원구 노원로34길 43,노원정보도서관,37.66070938,127.06533051,0,0,617
617,서대문구,ST-1643,03106,홍남교 두바퀴쉼터,3106. 홍남교 두바퀴쉼터,12,서울특별시 서대문구 홍제천로 111,홍남교 두바퀴쉼터,37.57490921,126.92614746,0,0,618
618,서대문구,ST-1644,03107,연희초등학교 앞,3107. 연희초등학교 앞,7,서울특별시 서대문구 연희로 136 서울연희초등학교,,37.56962967,126.93331146,0,0,619
619,강서구,ST-1645,01184,마곡13단지,1184. 마곡13단지,26,서울특별시 강서구 방화대로7길 6,마곡13단지,37.55644989,126.81597900,0,0,620
620,강서구,ST-1646,01185,등촌9단지,1185. 등촌9단지,20,서울특별시 강서구 화곡로63가길 92,등촌9단지,37.56290054,126.84947205,0,0,621
621,강서구,ST-1647,01186,송정중학교,1186. 송정중학교,15,서울특별시 강서구 방화대로5길 7,송정중학교,37.55472946,126.81609344,0,0,622
622,금천구,ST-1648,01858,"500번,507번 버스 종점 앞","1858. 500번,507번 버스 종점 앞",10,서울특별시 금천구 시흥대로 39-7,석수역1번출구 앞 (SK주유소),37.43727112,126.90268707,0,0,623
623,영등포구,ST-1649,00283,아크로타워 스퀘어(영등포시장),283. 아크로타워 스퀘어(영등포시장),15,서울특별시 영등포구 양산로 213,아크로타워 스퀘어(영등포시장),37.52251816,126.90721893,0,0,624
624,종로구,ST-165,00349,어린이도서관,349. 어린이도서관,5,서울특별시 종로구 사직로9길 5,사직동주민센터,37.57633209,126.96858978,0,0,625
625,영등포구,ST-1650,00284,센트럴 푸르지오 시티 앞,284. 센트럴 푸르지오 시티 앞,16,서울특별시 영등포구 문래로 180,센트럴 푸르지오 시티 앞,37.51821136,126.90222931,0,0,626
626,영등포구,ST-1651,00285,콤텍시스템 앞,285. 콤텍시스템 앞,14,서울특별시 영등포구 가마산로 343,대림3동사거리(하나은행),37.49985886,126.89723969,0,0,627
627,영등포구,ST-1652,00286,우성아파트 교차로,286. 우성아파트 교차로,12,서울특별시 영등포구 대림로 153,우성아파트 교차로,37.49457169,126.89974976,0,0,628
628,영등포구,ST-1653,00287,영등포전화국사거리 (서강어린이공원),287. 영등포전화국사거리 (서강어린이공원),10,서울특별시 영등포구 영중로 107,영등포전화국사거리 (서강어린이공원),37.52576828,126.90573883,0,0,629
629,서초구,ST-1654,02508,양재이스타빌 앞,2508. 양재이스타빌 앞,10,서울특별시 서초구 논현로 151,도곡이스타빌,37.48297882,127.04225922,0,0,630
630,서초구,ST-1655,02509,심산기념문화센터,2509. 심산기념문화센터,16,서울특별시 서초구 반포동 128-13,,37.49836349,126.99114990,0,0,631
631,송파구,ST-1656,02605,복정역 1번 출구 앞,2605. 복정역 1번 출구 앞,15,서울특별시 송파구 송파대로 지하 6,복정역 1번 출구 앞,37.47129822,127.12709045,0,0,632
632,송파구,ST-1657,02606,위례동주민센터 맞은편 근린공원,2606. 위례동주민센터 맞은편 근린공원,15,서울특별시 송파구 마천로44길 15,위례동주민센터 맞은편 근린공원,37.48173904,127.14322662,0,0,633
633,송파구,ST-1658,02607,복정역 2번출구 후문 (장지치안센터),2607. 복정역 2번출구 후문 (장지치안센터),15,서울특별시 송파구 송파대로 지하 6,복정역 2번출구 후문 (장지치안센터),37.47064972,127.12711334,0,0,634
634,성동구,ST-1659,03538,서울숲 IT캐슬,3538. 서울숲 IT캐슬,9,서울특별시 성동구 광나루로 130,서울숲 IT캐슬,37.55089188,127.04476166,0,0,635
635,종로구,ST-166,00350,KEB 하나은행(내자동 지점) 앞,350.KEB 하나은행(내자동 지점) 앞,,서울 종로구 사직로8길 39,,37.57424545,126.97321320,0,0,636
636,광진구,ST-1660,03533,건대입구역 사거리(롯데백화점),3533. 건대입구역 사거리(롯데백화점),10,서울특별시 광진구 능동로 92,건대입구역 사거리(롯데백화점),37.53913879,127.07061768,0,0,637
637,광진구,ST-1661,03534,건대입구역 5번출구 뒤,3534. 건대입구역 5번출구 뒤,12,서울특별시 광진구 아차산로 236,,37.54012680,127.06949615,0,0,638
638,광진구,ST-1662,03535,중곡사거리(국민은행),3535. 중곡사거리(국민은행),10,서울특별시 광진구 용마산로 63,중곡사거리(국민은행),37.55915833,127.08751678,0,0,639
639,광진구,ST-1663,03536,중앙농협(자양동),3536. 중앙농협(자양동),10,서울특별시 광진구 뚝섬로 639,중앙농협(자양동),37.53181076,127.08074188,0,0,640
640,광진구,ST-1664,03537,아차산 휴먼시아 아파트 옆,3537. 아차산 휴먼시아 아파트 옆,15,서울특별시 광진구 천호대로 716,아차산 휴먼시아 아파트 옆,37.54848862,127.09375763,0,0,641
641,강북구,ST-1665,01546,송천동우체국,1546. 송천동우체국,10,서울특별시 강북구 도봉로 71,송천동우체국,37.61545944,127.02970123,0,0,642
642,동작구,ST-1667,02069,숭실대 입구역3번 출구 앞,2069. 숭실대 입구역3번 출구 앞,7,서울특별시 동작구 상도로 지하 378,숭실대 입구역3번 출구 앞,37.49660110,126.95368195,0,0,643
643,중구,ST-1668,00433,을지로입구역 2번출구,433. 을지로입구역 2번출구,12,서울특별시 중구 을지로 지하 42,을지로입구역 1번출구,37.56634521,126.98229218,0,0,644
644,중구,ST-1669,00434,신당 래미안 버스정류장,434. 신당 래미안 버스정류장,10,서울특별시 중구 퇴계로90길 74,신당 레미안 버스정류장 (112동 인근),37.56148911,127.02393341,0,0,645
645,종로구,ST-167,00351,청운초교 앞 삼거리,351. 청운초교 앞 삼거리,5,서울특별시 종로구 청운동 108-25,,37.58496857,126.97041321,0,0,646
646,중구,ST-1670,00435,SK 남산빌딩,435. SK 남산빌딩,10,서울특별시 중구 퇴계로 33,SK 남산빌딩,37.55686188,126.97561646,0,0,647
647,동대문구,ST-1671,00663,외대앞역 3번출구,663. 외대앞역 3번출구,10,서울특별시 동대문구 휘경로14가길 31,외대앞역 4번출구,37.59489059,127.06302643,0,0,648
648,노원구,ST-1672,01692,온곡초교 교차로,1692. 온곡초교 교차로,10,서울특별시 노원구 한글비석로 471,온곡초교 교차로,37.66418839,127.06600952,0,0,649
649,은평구,ST-1674,00971,역촌 센트레빌 아파트,971. 역촌 센트레빌 아파트,20,서울특별시 은평구 갈현로3나길 23,역촌 센트레빌 아파트 107동 인근,37.60232925,126.90654755,0,0,650
650,마포구,ST-1675,00436,이대역 5번출구,436. 이대역 5번출구,10,서울특별시 마포구 신촌로 지하 180,이대역 5번출구,37.55659103,126.94618988,0,0,651
651,강서구,ST-1676,01187,강서수산물도매시장,1187. 강서수산물도매시장,15,서울특별시 강서구 발산로 24,강서수산물도매시장,37.55302048,126.81836700,0,0,652
652,영등포구,ST-1677,00288,쌍용예가(구청별관),288. 쌍용예가(구청별관),10,서울특별시 영등포구 당산로31길 32,쌍용예가(구청별관) 101동 인근,37.52809906,126.89338684,0,0,653
653,관악구,ST-1678,02183,동방1교,2183. 동방1교,20,서울특별시 관악구 신림로 144,동방1교,37.47182846,126.93392181,0,0,654
654,강남구,ST-1679,02409,역삼동 디오슈페리움 (우성아파트 사거리),2409. 역삼동 디오슈페리움 (우성아파트 사거리),20,서울특별시 강남구 강남대로 324,역삼동 디오슈페리움 (우성아파트 사거리),37.49206161,127.03074646,0,0,655
655,종로구,ST-168,00352,중앙고입구 삼거리,352. 중앙고입구 삼거리,10,서울특별시 종로구 창덕궁길 191,중앙고입구 삼거리,37.58341599,126.98523712,0,0,656
656,강남구,ST-1680,02410,포스코피앤에스타워 (역삼역 3번출구 부근),2410. 포스코피앤에스타워 (역삼역 3번출구 부근),10,서울특별시 강남구 테헤란로 134,포스코피앤에스타워 (역삼역 3번출구 부근),37.49959946,127.03375244,0,0,657
657,송파구,ST-1681,02608,송파구청,2608. 송파구청,10,서울특별시 송파구 올림픽로 326 송파구청,,37.51505280,127.10626984,0,0,658
658,송파구,ST-1682,02609,보성중고등학교 후문 앞,2609. 보성중고등학교 후문 앞,10,서울특별시 송파구 양재대로 1278,보성중고등학교 후문 앞,37.52048874,127.13520050,0,0,659
659,송파구,ST-1683,02610,송리단길,2610. 송리단길,10,서울특별시 송파구 석촌호수로 278 여흥레이크빌,,37.51045227,127.10640717,0,0,660
660,송파구,ST-1684,02611,송파지역자활센터 뒤,2611. 송파지역자활센터 뒤,7,서울특별시 송파구 풍성로5길 16 솔바람복지센타,,37.53641891,127.11616516,0,0,661
661,송파구,ST-1685,02612,문정·가락 대여소 앞,2612. 문정·가락 대여소 앞,7,서울특별시 송파구 가락동 616-2,,37.48871994,127.10982513,0,0,662
662,강동구,ST-1686,03539,서원마을,3539. 서원마을,10,서울특별시 강동구 올림픽로 875 서울 암사동 유적,,37.56379318,127.13283539,0,0,663
663,강동구,ST-1687,01084,윤선생빌딩(JYP사옥),1084. 윤선생빌딩(JYP사옥),20,서울특별시 강동구 강동대로 205,JYP 사옥앞,37.52392960,127.12912750,0,0,664
664,강서구,ST-1688,01193,마곡센트럴타워 1차,1193. 마곡센트럴타워 1차,51,서울특별시 강서구 공항대로 227,마곡센트럴타워 1차,37.55947113,126.83207703,0,0,665
665,강서구,ST-1689,01191,"마곡역 버스정류장(마곡나루역1번출구, 웰튼병원 방면)","1191. 마곡역 버스정류장(마곡나루역1번출구, 웰튼병원 방면)",13,서울특별시 강서구 마곡중앙로 76,힐스테이트에코마곡역,37.56024170,126.82716370,0,0,666
666,종로구,ST-169,00353,재동초교 앞 삼거리,353. 재동초교 앞 삼거리,8,서울특별시 종로구 재동 19,재동초교 앞 삼거리,37.57938766,126.98494720,0,0,667
667,광진구,ST-1690,03541,커먼그라운드,3541. 커먼그라운드,20,서울특별시 광진구 아차산로 200,커먼그라운드,37.54124832,127.06604004,0,0,668
668,마포구,ST-1691,00437,대흥역 1번출구,437. 대흥역 1번출구,12,서울특별시 마포구 대흥동 105-4,,37.54846954,126.94092560,0,0,669
669,마포구,ST-1692,00438,성산2-1 공영주차장,438. 성산2-1 공영주차장,15,서울특별시 마포구 모래내로 31,성산2-1 공영주차장,37.56472015,126.90676880,0,0,670
670,마포구,ST-1693,00439,마포어린이공원,439. 마포어린이공원,10,서울특별시 마포구 마포동 381-2,,37.53552246,126.94390869,0,0,671
671,강서구,ST-1694,01199,우장산역 3번출구,1199. 우장산역 3번출구,13,서울특별시 강서구 강서로 247,우장산역 3번출구,37.54782104,126.83612823,0,0,672
672,강서구,ST-1695,01200,개화광역환승센터,1200. 개화광역환승센터,10,서울특별시 강서구 개화동로8길 38,개화광역환승센터,37.57844925,126.79897308,0,0,673
673,구로구,ST-1696,01998,고척교 교차로,1998. 고척교 교차로,23,서울특별시 구로구 경인로 482,롯데마트 건너편,37.49856949,126.87152100,0,0,674
674,영등포구,ST-1697,00289,대림3동사거리,289. 대림3동사거리,10,서울특별시 영등포구 가마산로 352,대림3동사거리,37.49980927,126.89800262,0,0,675
675,영등포구,ST-1698,00290,새말소공원,290. 새말소공원,12,서울특별시 영등포구 당산로41길 11,당산동 SK V1 빌딩 인근,37.53150940,126.89782715,0,0,676
676,영등포구,ST-1699,00291,문래동 하이테크 시티,291. 문래동 하이테크 시티,14,서울특별시 영등포구 경인로 775 에이스하이테크시티,,37.51412964,126.89939117,0,0,677
677,서대문구,ST-17,00117,홍은사거리,117. 홍은사거리,23,서울특별시 서대문구 통일로 483,홍은사거리 앞,37.59115982,126.94132996,0,0,678
678,종로구,ST-170,00354,포르투갈 대사관 앞,354. 포르투갈 대사관 앞,10,서울특별시 종로구 창덕궁1길 3,포르투갈 대사관 앞,37.57915497,126.98896027,0,0,679
679,영등포구,ST-1700,00292,영일 어린이공원,292. 영일 어린이공원,10,서울특별시 영등포구 도신로29길 28,영일 어린이공원,37.51012039,126.90406799,0,0,680
680,영등포구,ST-1701,00293,충북 미래관,293. 충북 미래관,15,서울특별시 영등포구 버드나루로 125,충북 미래관,37.52917099,126.90757751,0,0,681
681,관악구,ST-1702,02184,구암초등학교 버스정류장,2184. 구암초등학교 버스정류장,10,서울특별시 관악구 양녕로16길 4,구암초등학교 버스정류장,37.48949051,126.94592285,0,0,682
682,강남구,ST-1703,02411,세곡동 성당,2411. 세곡동 성당,15,서울특별시 강남구 밤고개로21길 50,세곡동 성당,37.47296906,127.11222839,0,0,683
683,강남구,ST-1704,02412,일원1동 주민센터,2412. 일원1동 주민센터,15,서울특별시 강남구 일원동 712-5,,37.49170303,127.08822632,0,0,684
684,송파구,ST-1705,02613,잠실나들목,2613. 잠실나들목,18,서울특별시 송파구 올림픽로 99,잠실엘스 261동 인근,37.51678085,127.09049225,0,0,685
685,송파구,ST-1706,02614,가락고등학교 앞,2614. 가락고등학교 앞,15,서울특별시 송파구 송이로 42,가락고등학교 앞,37.50186157,127.11723328,0,0,686
686,송파구,ST-1707,02615,테라타워2,2615. 테라타워2,15,서울특별시 송파구 송파대로 201,테라타워2,37.48834991,127.12078094,0,0,687
687,강서구,ST-1708,01188,롯데중앙연구소,1188. 롯데중앙연구소,8,서울특별시 강서구 마곡중앙로 201,롯데중앙연구소,37.57138062,126.82833862,0,0,688
688,강서구,ST-1709,01190,마곡역 교차로(2번출구),1190. 마곡역 교차로(2번출구),14,서울특별시 강서구 공항대로 지하 163,마곡역 교차로(2번출구),37.56050110,126.82665253,0,0,689
689,종로구,ST-171,00355,서울사대부설초등학교 앞,355. 서울사대부설초등학교 앞,15,서울특별시 종로구 연건동 178-3,서울사대부속초교 앞,37.57650757,127.00245667,0,0,690
690,강서구,ST-1710,01192,마곡수명산파크 209동 건너편,1192. 마곡수명산파크 209동 건너편,20,서울특별시 강서구 내발산동 741-8,,37.55545044,126.82689667,0,0,691
691,강서구,ST-1711,01194,센서텍㈜,1194. 센서텍㈜,10,서울특별시 강서구 마곡중앙8로3길 21,케이티엔에프빌딩 인근,37.56330109,126.83682251,0,0,692
692,강서구,ST-1712,01195,코오롱One&Only타워,1195. 코오롱One&Only타워,24,서울특별시 강서구 마곡동로 110,코오롱글로벌㈜,37.56412888,126.83431244,0,0,693
693,강서구,ST-1713,01196,서울식물원(문화센터) 건너편,1196. 서울식물원(문화센터) 건너편,11,서울특별시 강서구 마곡동로 161,서울식물원(문화센터) 건너편,37.56824112,126.83583069,0,0,694
694,강서구,ST-1714,01197,엠펠리체 호텔 건너편,1197. 엠펠리체 호텔 건너편,20,서울특별시 강서구 강서로 247,엘펠리체 호텔 건너편,37.56024170,126.83580780,0,0,695
695,강서구,ST-1715,01198,LG 사이언스파크,1198. LG 사이언스파크,31,서울특별시 강서구 마곡중앙10로 10,LG 사이언스파크,37.56254959,126.82743835,0,0,696
696,송파구,ST-1716,02616,거여동 사거리,2616. 거여동 사거리,10,서울특별시 송파구 거여동 11-3,,37.49704742,127.14035034,0,0,697
697,송파구,ST-1717,02617,가락삼환아파트 앞,2617. 가락삼환아파트 앞,15,서울특별시 송파구 오금로 지하 402,가락삼환아파트 앞,37.49618149,127.13803101,0,0,698
698,강서구,ST-1718,02701,마곡나루역 5번출구 뒤편,2701. 마곡나루역 5번출구 뒤편,26,서울특별시 강서구 마곡중앙5로 지하 2,마곡나루역(공항철도) 5번출구 뒤편,37.56520081,126.82731628,0,0,699
699,송파구,ST-1719,02621,한성백제역 2번 출구,2621. 한성백제역 2번 출구,15,서울특별시 송파구 위례성대로 51,한성백제역 2번 출구,37.51665878,127.11625671,0,0,700
700,종로구,ST-172,00356,KT혜화지사 앞,356. KT혜화지사 앞,15,서울특별시 종로구 대학로 65,KT혜화지사 앞,37.57714462,127.00205994,0,0,701
701,송파구,ST-1720,02622,올림픽공원역 3번출구,2622. 올림픽공원역 3번출구,20,서울특별시 송파구 양재대로 지하 1233,올림픽공원역 3번출구,37.51625824,127.13059235,0,0,702
702,용산구,ST-1721,00846,용산중학교,846. 용산중학교,15,서울특별시 용산구 두텁바위로 74 용산중학교,,37.54650116,126.98094940,0,0,703
703,광진구,ST-1722,03542,래미안 구의파크 스위트,3542. 래미안 구의파크 스위트,17,서울특별시 광진구 광나루로 545 래미안파크스위트,,37.54500580,127.09003448,0,0,704
704,성북구,ST-1723,01375,생명의 전화 종합복지관 앞 교차로,1375. 생명의 전화 종합복지관 앞 교차로,20,서울특별시 성북구 오패산로 21,생명의 전화 종합복지관 앞 교차로,37.60390854,127.03737640,0,0,705
705,강북구,ST-1724,01547,꿈의숲 롯데캐슬,1547. 꿈의숲 롯데캐슬,10,서울특별시 강북구 미아동 4-2,,37.61775208,127.03570557,0,0,706
706,강북구,ST-1725,01548,북서울 꿈의숲 서문,1548. 북서울 꿈의숲 서문,15,서울특별시 강북구 월계로 173,북서울 꿈의숲 서문,37.62268829,127.03781128,0,0,707
707,도봉구,ST-1726,01742,북한산 코오롱 하늘채,1742. 북한산 코오롱 하늘채,10,서울특별시 도봉구 우이천로 367,북한산 코오롱 하늘채,37.64889145,127.02301788,0,0,708
708,강서구,ST-1727,02702,마곡 엠밸리2단지,2702. 마곡 엠밸리2단지,20,서울특별시 강서구 마곡서1로 146,마곡엠밸리2단지 202동 인근,37.56917953,126.81944275,0,0,709
709,송파구,ST-1728,02618,삼전역 1번출구,2618. 삼전역 1번출구,14,서울특별시 송파구 백제고분로 187,삼전역 1번출구,37.50471115,127.08756256,0,0,710
710,송파구,ST-1729,02619,석촌고분역 4번출구,2619. 석촌고분역 4번출구,9,서울특별시 송파구 백제고분로 272,석촌고분역 4번출구,37.50233841,127.09644318,0,0,711
711,종로구,ST-173,00358,성균관대입구 사거리 A,358. 성균관대입구 사거리 A,13,서울특별시 종로구 창경궁로 234,성대입구 사거리,37.58250046,126.99853516,0,0,712
712,송파구,ST-1730,02620,송파나루역 4번 출구옆,2620. 송파나루역 4번 출구옆,12,서울특별시 송파구 오금로 162,송파나루역 4번 출구옆,37.50997925,127.11231232,0,0,713
713,양천구,ST-1731,00765,오목교역 3번출구,765. 오목교역 3번출구,12,서울특별시 양천구 목동동로 270,오목교역 3번출구,37.52477646,126.87548065,0,0,714
714,구로구,ST-1732,01999,수궁동 성당 주변,1999. 수궁동 성당 주변,10,서울특별시 구로구 부일로11길 51,동양빌라 주변,37.49525833,126.83065796,0,0,715
715,구로구,ST-1733,02000,신도림4차 e편한세상 아파트 1109동 앞,2000. 신도림4차 e편한세상 아파트 1109동 앞,15,서울특별시 구로구 경인로65길 16-15,신도림4차 e편한세상 아파트 1109동 앞,37.51232910,126.88683319,0,0,716
716,금천구,ST-1734,01859,대륭테크노타운 18차,1859. 대륭테크노타운 18차,13,서울특별시 금천구 가산디지털1로 19,대륭테크노타운 18차,37.46799850,126.88684082,0,0,717
717,서초구,ST-1735,02510,JW타워,2510. JW타워,8,서울특별시 서초구 남부순환로 2477,JW타워,37.48303986,127.02146149,0,0,718
718,양천구,ST-1736,00766,신목동역 3번출구,766. 신목동역 3번출구,15,서울특별시 양천구 안양천로 1156 신목동역자전거주차장,,37.54394913,126.88346100,0,0,719
719,서초구,ST-1739,02511,이수역 6번출구 앞,2511. 이수역 6번출구 앞,10,서울특별시 서초구 동작대로 80,이수역 6번출구 앞,37.48366165,126.98232269,0,0,720
720,종로구,ST-174,00359,원남동사거리,359. 원남동사거리,8,서울특별시 종로구 율곡로 169,원남동사거리,37.57606125,126.99768066,0,0,721
721,노원구,ST-1740,01693,원자력 병원,1693. 원자력 병원,10,서울특별시 노원구 노원로 75,원자력병원 국가방사선 비상진료센터,37.62818909,127.08210754,0,0,722
722,동작구,ST-1742,02071,대림아파트 후문 상가 옆,2071. 대림아파트 후문 상가 옆,10,서울특별시 동작구 사당로23길 137,대림아파트 후문 상가 옆,37.48886871,126.97190857,0,0,723
723,성북구,ST-1745,01376,한국과학기술연구원 중문,1376. 한국과학기술연구원 중문,7,서울특별시 성북구 화랑로14길 5,,37.59730911,127.04378510,0,0,724
724,성북구,ST-1746,01377,한국과학기술연구원 북문,1377. 한국과학기술연구원 북문,10,서울특별시 성북구 화랑로14길 5,,37.60418701,127.04549408,0,0,725
725,종로구,ST-175,00361,동묘앞역 1번출구 뒤,361. 동묘앞역 1번출구 뒤,10,서울특별시 종로구 숭인동 81-39,동묘앞역 1번출구 뒤,37.57324219,127.01590729,0,0,726
726,은평구,ST-1751,00972,수색역,972. 수색역,20,서울특별시 은평구 수색로 261,수색역,37.58216095,126.89492798,0,0,727
727,종로구,ST-1752,00462,신영동삼거리(북악터널방향),462. 신영동삼거리(북악터널방향),10,서울특별시 종로구 평창문화로 6-4,신영동삼거리(북악터널방향),37.60351181,126.96206665,0,0,728
728,구로구,ST-1753,02801,대륭포스트타워1차,2801. 대륭포스트타워1차,30,서울특별시 구로구 디지털로31길 33-1,에이스트윈타워1차,37.48437119,126.89542389,0,0,729
729,마포구,ST-1754,00440,하늘공원 입구,440. 하늘공원 입구,15,서울특별시 마포구 하늘공원로 108,,37.57012177,126.88134766,0,0,730
730,종로구,ST-1755,00463,삼청동 주민센터,463. 삼청동 주민센터,10,서울특별시 종로구 삼청로 100-1,삼청동 주민센터,37.58456039,126.98219299,0,0,731
731,종로구,ST-1756,00464,삼청동 골목,464. 삼청동 골목,10,서울특별시 종로구 팔판길 46,삼청동 골목,37.58419037,126.98169708,0,0,732
732,관악구,ST-1757,02185,대학동 고시촌,2185. 대학동 고시촌,10,서울특별시 관악구 신림로 97 밀라트,,37.47046661,126.93865204,0,0,733
733,동대문구,ST-1758,00664,서울시립대 건설공학관,664. 서울시립대 건설공학관,10,서울특별시 동대문구 서울시립대로 163 서울시립대학교,,37.58412933,127.05793762,0,0,734
734,종로구,ST-1759,00465,삼청공원 앞,465. 삼청공원 앞,5,서울특별시 종로구 삼청동 25-32,,37.58760452,126.98359680,0,0,735
735,종로구,ST-176,00362,청계8가사거리 A,362. 청계8가사거리 A,10,서울특별시 종로구 숭인동 1499,,37.57219696,127.02304077,0,0,736
736,광진구,ST-1760,03543,세종대학교(학술정보원),3543. 세종대학교(학술정보원),15,서울특별시 광진구 능동로 209 세종대학교,,37.55137253,127.07444000,0,0,737
737,중구,ST-1761,00441,염천교사거리,441.염천교사거리,15,서울특별시 중구 칠패로 5 서소문공원,,37.55989075,126.97149658,0,0,738
738,강동구,ST-1762,01063,강동롯데캐슬퍼스트 아파트(관리동),1063.강동롯데캐슬퍼스트 아파트(관리동),10,서울특별시 강동구 고덕로 131 강동 롯데캐슬퍼스트아파트,강동구 고덕로 131,37.55666351,127.14273834,0,0,739
739,강동구,ST-1763,01064,중앙보훈병원역 1번출구,1064.중앙보훈병원역 1번출구,10,서울특별시 강동구 둔촌동 산17-4,,37.52779388,127.14764404,0,0,740
740,강동구,ST-1764,01065,보훈병원 후문옆(더 원커피),1065.보훈병원 후문옆(더 원커피),10,서울특별시 강동구 동남로 635,,37.53120804,127.14926910,0,0,741
741,강동구,ST-1765,01066,생태공원앞 교차로(조명탑),1066.생태공원앞 교차로(조명탑),10,서울특별시 강동구 둔촌동 564,생태공원앞 교차로 (조명탑),37.53776550,127.15201569,0,0,742
742,강동구,ST-1766,01067,한영중고앞사거리,1067.한영중고앞사거리,10,서울특별시 강동구 상일동 168,명일동 59,37.54903412,127.15605164,0,0,743
743,강동구,ST-1767,01068,명일파출소,1068.명일파출소,10,서울특별시 강동구 명일동 47-20,,37.55364990,127.15622711,0,0,744
744,중구,ST-1768,00442,서울역 서부,442.서울역 서부,13,서울특별시 중구 퇴계로 33 서울로7017편의시설,,37.55641556,126.96919250,0,0,745
745,중구,ST-1769,00443,호암아트홀,443.호암아트홀,9,서울특별시 중구 세종대로7길 57-1 구두수선대207,호암아트홀,37.56211090,126.97071838,0,0,746
746,종로구,ST-177,00363,신설동역 11번출구 뒤,363. 신설동역 11번출구 뒤,13,서울특별시 종로구 종로 411-3 가로판매,,37.57559204,127.02285004,0,0,747
747,중구,ST-1770,00444,서울역3번 출구,444.서울역3번 출구,20,서울특별시 중구 세종대로 7-1 가로판매대56,,37.55760193,126.97257996,0,0,748
748,중구,ST-1771,00445,대한상공회의소,445.대한상공회의소,15,서울특별시 중구 세종대로 39 대한서울상공회의소,,37.56015396,126.97410583,0,0,749
749,중구,ST-1772,00466,롯데호텔,466.롯데호텔,13,서울특별시 중구 을지로 30 롯데호텔,,37.56584167,126.97981262,0,0,750
750,중구,ST-1773,00467,한국은행,467.한국은행,11,서울특별시 중구 남대문로3가 110-8,,37.56221390,126.98086548,0,0,751
751,중구,ST-1774,00468,웨스틴 조선호텔,468.웨스틴 조선호텔,8,서울특별시 중구 소공로 106 서울 웨스틴조선호텔,,37.56415939,126.97948456,0,0,752
752,중구,ST-1775,00469,회현역 1번출구,469.회현역 1번출구,11,서울특별시 중구 퇴계로 72 리더스뷰남산,,37.55923080,126.98014069,0,0,753
753,중구,ST-1776,00470,회현역 7번출구,470.회현역 7번출구,13,서울특별시 중구 회현동1가 23-1,,37.55974579,126.98000336,0,0,754
754,중구,ST-1777,00471,회현사거리 남측,471.회현사거리 남측,10,서울특별시 중구 퇴계로 100 스테이트타워 남산,,37.56035995,126.98265076,0,0,755
755,중구,ST-1778,00472,삼일교(시그니쳐 타워),472.삼일교(시그니쳐 타워),12,서울특별시 중구 수표동 99-1,,37.56787109,126.98840332,0,0,756
756,중구,ST-1779,00473,을지로4가역 9번출구,473.을지로4가역 9번출구,20,서울특별시 중구 을지로 170,,37.56605148,126.99798584,0,0,757
757,종로구,ST-178,00364,창신역 1번출구 앞,364. 창신역 1번출구 앞,8,서울특별시 종로구 지봉로 87,창신역 1번출구 앞,37.57933426,127.01508331,0,0,758
758,중구,ST-1780,00474,동대문역사문화공원역 1번출구 뒤편,474.동대문역사문화공원역 1번출구 뒤편,40,서울특별시 중구 을지로7가 143,,37.56629944,127.00849152,0,0,759
759,중구,ST-1781,00475,DDP 패션몰,475.DDP 패션몰,21,서울특별시 중구 신당동 853,,37.56764984,127.01181030,0,0,760
760,중구,ST-1782,00476,광희문,476.광희문,10,서울특별시 중구 광희동2가 105-32,,37.56443024,127.00995636,0,0,761
761,중구,ST-1783,00477,앰배서더 호텔 주변,477.앰배서더 호텔 주변,10,서울특별시 중구 장충동2가 191-65,,37.55928802,127.00268555,0,0,762
762,중구,ST-1784,00478,동국대정문,478.동국대정문,0,서울특별시 중구 장충단로 123 한국리틀야구연맹,,37.55655670,127.00305939,0,0,763
763,중구,ST-1785,00479,동대입구역 3번 출구,479.동대입구역 3번 출구,8,서울특별시 중구 장충동2가 199-4,,37.55937576,127.00602722,0,0,764
764,중구,ST-1786,00480,약수역 6번 출구,480.약수역 6번 출구,8,서울특별시 중구 다산로 122 약수역 3호선,,37.55432129,127.01070404,0,0,765
765,중구,ST-1787,00481,신당역 10번 출구,481.신당역 10번 출구,16,서울특별시 중구 다산로 269 광희초등학교,,37.56703186,127.01579285,0,0,766
766,중구,ST-1788,00482,예수소망교회,482.예수소망교회,10,서울특별시 중구 신당동 45-193,,37.55994034,127.01847839,0,0,767
767,중구,ST-1789,00483,남산타운아파트 버스정류장,483.남산타운아파트 버스정류장,12,서울특별시 중구 다산로 32 남산타운,,37.54758453,127.00643921,0,0,768
768,중구,ST-1790,00484,도동삼거리,484.도동삼거리,12,서울특별시 중구 남창동 205-4,,37.55614853,126.97742462,0,0,769
769,중구,ST-1791,00485,서울역5번출구,485.서울역5번출구,10,서울특별시 중구 세종대로 2 서울역 1호선,,37.55677032,126.97319794,0,0,770
770,송파구,ST-1792,02640,서울아산병원,2640.서울아산병원,20,서울 송파구 풍납동 388-1,서울 송파구 올림픽로43길 88,37.52629852,127.10949707,0,0,771
771,송파구,ST-1793,02641,송파역 4번출구,2641.송파역 4번출구,15,서울특별시 송파구 양재대로 925 가락1동주민센터,,37.50004959,127.11151123,0,0,772
772,송파구,ST-1794,02642,마천동 성내천 쉼터,2642.마천동 성내천 쉼터,12,서울 송파구 마천동 5-19,성내천로 179,37.50149536,127.14778137,0,0,773
773,송파구,ST-1795,02643,풍납중학교 측면,2643.풍납중학교 측면,10,서울특별시 송파구 풍납동 461,,37.52515793,127.11694336,0,0,774
774,송파구,ST-1796,02644,성내5교,2644. 성내5교,10,서울 송파구 오금동 129-4,,37.50166702,127.13774109,0,0,775
775,송파구,ST-1797,02645,잠실나들목2(엘스아파트136동),2645.잠실나들목2(엘스아파트136동),10,서울 송파구 올림픽로 95,,37.51621246,127.08434296,0,0,776
776,종로구,ST-1798,03401,창신두산아파트,3401.창신두산아파트,10,서울특별시 종로구 지봉로5길 7 두산아파트,,37.57376099,127.01393890,0,0,777
777,종로구,ST-1799,03402,이화공영주차장,3402.이화공영주차장,10,서울특별시 종로구 이화동 13-2,,37.57660675,127.00556946,0,0,778
778,마포구,ST-18,00113,홍대입구역 2번출구 앞,113. 홍대입구역 2번출구 앞,25,서울특별시 마포구 동교동 192-44,,37.55743790,126.92382050,0,0,779
779,종로구,ST-180,00367,독립문역 3-1번출구,367. 독립문역 3-1번출구 ,13,서울특별시 종로구 무악동 89-2,,37.57415771,126.95851898,0,0,780
780,종로구,ST-1800,03403,서울특별시 교육청,3403.서울특별시 교육청,10,서울특별시 종로구 송월길 48 서울특별시교육청,,37.56950760,126.96701050,0,0,781
781,종로구,ST-1801,03404,서울특별시 중부교육지원청,3404.서울특별시 중부교육지원청,9,서울특별시 종로구 대학로 8 수도빌딩,,37.57185364,127.00235748,0,0,782
782,종로구,ST-1802,03405,파크팰리스,3405.파크팰리스,10,서울특별시 종로구 사직로8길 20 경희궁 파크팰리스,,37.57455063,126.97055054,0,0,783
783,종로구,ST-1803,03406,세종로공원,3406.세종로공원,20,서울특별시 종로구 세종로 79-10,,37.57407761,126.97590637,0,0,784
784,종로구,ST-1804,03407,안국동사거리(신),3407.안국동사거리(신),18,서울특별시 종로구 안국동 175-92,,37.57580566,126.98339081,0,0,785
785,종로구,ST-1805,03408,종로타워빌딩,3408.종로타워빌딩,13,서울특별시 종로구 공평동 70-4,,37.57070541,126.98323822,0,0,786
786,종로구,ST-1806,03409,원서공원,3409.원서공원,0,서울특별시 종로구 운니동 99,,37.57748032,126.98892212,0,0,787
787,종로구,ST-1807,03410,종로3가역 8번출구,3410.종로3가역 8번출구,10,서울특별시 종로구 돈화문로10길 2,,37.57246780,126.99188995,0,0,788
788,종로구,ST-1808,03411,종묘,3411.종묘,10,서울특별시 종로구 종로 153-2 가로판매대,,37.57072067,126.99437714,0,0,789
789,종로구,ST-1809,03412,세운상가,3412.세운상가,15,서울특별시 종로구 종로 152,,37.57031250,126.99454498,0,0,790
790,종로구,ST-181,00368,SK 서린빌딩 앞,368. SK 서린빌딩 앞,15,서울특별시 종로구 서린동 93-2,SK 서린빌딩 앞,37.56924820,126.98053741,0,0,791
791,종로구,ST-1810,03413,종로플레이스,3413.종로플레이스,22,서울특별시 종로구 창경궁로 120 종로플레이스,,37.57320023,126.99796295,0,0,792
792,종로구,ST-1811,03414,종로5가역 4번출구,3414.종로5가역 4번출구,10,서울특별시 종로구 종로5가 79-2,,37.57117462,127.00222778,0,0,793
793,종로구,ST-1812,03415,동대문역6번출구,3415.동대문역6번출구,15,서울특별시 종로구 종로 302 1호선 동대문역,,37.57146072,127.01078796,0,0,794
794,종로구,ST-1813,03416,동묘앞역 6번출구,3416.동묘앞역 6번출구,15,서울특별시 종로구 창신동 397-6,,37.57153320,127.01561737,0,0,795
795,종로구,ST-1814,03417,창신3동주민센터,3417.창신3동주민센터,12,서울특별시 종로구 창신동 23-825,,37.57772446,127.01525116,0,0,796
796,종로구,ST-1815,03418,창신역2번 출구,3418.창신역2번 출구,10,서울특별시 종로구 창신동 1-105,,37.57998657,127.01506042,0,0,797
797,종로구,ST-1816,03419,국립어린이과학관,3419.국립어린이과학관,14,서울특별시 종로구 와룡동 2-85,,37.58194733,126.99736786,0,0,798
798,종로구,ST-1817,03420,성균관대입구 사거리 B,3420. 성균관대입구 사거리 B,10,서울특별시 종로구 명륜2가 197-4,,37.58327484,126.99885559,0,0,799
799,종로구,ST-1818,03421,혜화역 1번출구,3421.혜화역 1번출구,10,서울특별시 종로구 대학로 144 중원빌딩,,37.58385468,127.00185394,0,0,800
800,종로구,ST-1819,03422,성균관대 정문,3422.성균관대 정문,23,서울특별시 종로구 명륜2가 133,,37.58479691,126.99713135,0,0,801
801,종로구,ST-182,00369,광화문 시민열린마당,369. 광화문 시민열린마당,12,서울특별시 종로구 세종로 76-5,광화문 시민열린마당,37.57549286,126.97850037,0,0,802
802,종로구,ST-1820,03423,현대그룹(본사),3423.현대그룹(본사),20,서울특별시 종로구 연지동 1-38,,37.57583618,127.00069427,0,0,803
803,종로구,ST-1821,03424,경기상고 정문,3424.경기상고 정문,0,서울특별시 종로구 청운동 89-130,,37.58831787,126.96921539,0,0,804
804,종로구,ST-1822,03425,광화문 풍림스페이스본 1단지앞,3425.광화문 풍림스페이스본 1단지앞,7,서울특별시 종로구 사직동 9-2,,37.57529068,126.96895599,0,0,805
805,종로구,ST-1823,03426,독립문역 2번출구 뒤,3426.독립문역 2번출구 뒤,10,서울특별시 종로구 무악동 32-3,,37.57501602,126.95755005,0,0,806
806,종로구,ST-1824,03427,인왕산 아이파크 정문,3427.인왕산 아이파크 정문,8,서울특별시 종로구 무악동 60-5,,37.57666779,126.95584869,0,0,807
807,종로구,ST-1825,03428,서울미술관,3428.서울미술관,10,서울특별시 종로구 부암동 202-1,,37.59512711,126.96349335,0,0,808
808,종로구,ST-1826,03429,HW컨벤션센터 앞,3429.HW컨벤션센터 앞,10,서울특별시 종로구 부암동 134-2,,37.59725952,126.96308899,0,0,809
809,종로구,ST-1827,03430,구기치안센터 앞,3430.구기치안센터 앞,8,서울특별시 종로구 비봉길 12,,37.60950089,126.95668030,0,0,810
810,종로구,ST-1828,03431,로제우스 레포츠센터,3431.로제우스 레포츠센터,10,서울특별시 종로구 구기동 110-22,,37.60760117,126.95768738,0,0,811
811,종로구,ST-1829,03432,종로2가 사거리,3432.종로2가 사거리,15,서울특별시 종로구 종로 104 YBM,,37.57001877,126.98880768,0,0,812
812,종로구,ST-183,00348,독립문역 사거리,348. 독립문역 사거리,14,서울특별시 종로구 교북동 10-1,독립문역 사거리,37.57202911,126.96078491,0,0,813
813,강동구,ST-1830,01069,강동경희대학교병원 입구,1069.강동경희대학교병원 입구,10,서울특별시 강동구 동남로 888,,37.55305481,127.15688324,0,0,814
814,강동구,ST-1831,01070,(시립)고덕평생학습관,1070.(시립)고덕평생학습관,10,서울특별시 강동구 고덕로 295 고덕평생학습관,,37.55570221,127.15792084,0,0,815
815,강동구,ST-1832,01071,명일근린공원공동체텃밭,1071.명일근린공원공동체텃밭,10,서울특별시 강동구 상일동 145-6,,37.55568695,127.15991211,0,0,816
816,강동구,ST-1833,01072,고덕역 5번출구,1072.고덕역 5번출구,22,서울특별시 강동구 고덕로 272 헌혈의집,,37.55486298,127.15372467,0,0,817
817,강동구,ST-1834,01073,SSTS 몰 앞,1073. SSTS 몰 앞,7,서울특별시 강동구 천호동 55-26,,37.54114532,127.14105225,0,0,818
818,강동구,ST-1835,01074,대명초교입구 사거리,1074.대명초교입구 사거리,15,서울특별시 강동구 명일동 59,,37.54683685,127.14916229,0,0,819
819,강동구,ST-1836,01075,천동초교 삼거리,1075.천동초교 삼거리,10,서울특별시 강동구 천호동 114-4,,37.54136276,127.13718414,0,0,820
820,강동구,ST-1837,01076,천동초교입구사거리 버스정류장(십자성마을 방면),1076. 천동초교입구사거리 버스정류장(십자성마을 방면),10,서울특별시 강동구 양재대로 1504,,37.53989410,127.14103699,0,0,821
821,강동구,ST-1838,01077,강동역 1번출구 앞,1077.강동역 1번출구 앞,15,서울특별시 강동구 천호동 448-1,,37.53627014,127.13246918,0,0,822
822,강동구,ST-1839,01078,둔촌사거리,1078.둔촌사거리,25,서울특별시 강동구 성내동 449-22,,37.52197647,127.13362122,0,0,823
823,강동구,ST-1840,01079,강일동입구교차로,1079.강일동입구교차로,10,서울특별시 강동구 강일동 608-5,,37.56184387,127.17084503,0,0,824
824,강동구,ST-1841,01080,엘웨딩,1080.엘웨딩,10,서울특별시 강동구 천호대로 1052 엘웨딩홀,,37.53683090,127.12841797,0,0,825
825,강동구,ST-1842,01081,트레빌빌딩,1081.트레빌빌딩,20,서울특별시 강동구 성내동 산18-4,,37.53699875,127.12953186,0,0,826
826,강동구,ST-1843,01082,중앙보훈병원역3번출구,1082.중앙보훈병원역3번출구,10,서울특별시 강동구 둔촌동 산11-5,,37.52956009,127.14900970,0,0,827
827,강동구,ST-1844,01083,광문고교사거리(아이파크),1083.광문고교사거리(아이파크),15,서울특별시 강동구 고덕동 305,,37.56036758,127.15659332,0,0,828
828,강동구,ST-1845,01085,래미안 솔베뉴(고덕로),1085.래미안 솔베뉴(고덕로),20,서울특별시 강동구 명일동 359-4,,37.55456924,127.14587402,0,0,829
829,강동구,ST-1846,01086,래미안 솔베뉴(구천면로),1086.래미안 솔베뉴(구천면로),10,서울특별시 강동구 명일동 320-2,,37.55059814,127.14545441,0,0,830
830,강동구,ST-1847,01087,레미안 솔베뉴(양재대로),1087.레미안 솔베뉴(양재대로),20,서울특별시 강동구 양재대로 1650 래미안 솔베뉴,,37.55217361,127.14429474,0,0,831
831,강동구,ST-1848,01088,풍납사거리(강동),1088.풍납사거리(강동),12,서울특별시 강동구 성내동 472,,37.52812195,127.11952209,0,0,832
832,강동구,ST-1849,01089,고덕 래미안힐스테이트(201동),1089.고덕 래미안힐스테이트(201동),10,서울특별시 강동구 고덕동 673,,37.56060028,127.14669800,0,0,833
833,중구,ST-185,00370,시청역(2호선) 9번출구 뒤,370. 시청역(2호선) 9번출구 뒤,24,서울특별시 중구 서소문로 지하127,시청역(2호선) 9번출구 뒤,37.56322861,126.97483826,0,0,834
834,강동구,ST-1850,01090,상일동역 2번출구 앞,1090.상일동역 2번출구 앞,17,서울특별시 강동구 고덕동 299,,37.55678940,127.16614532,0,0,835
835,송파구,ST-1851,02623,석촌동 주민센터,2623.석촌동 주민센터,15,서울특별시 송파구 백제고분로37길 16 석촌동주민센터,,37.50362396,127.10355377,0,0,836
836,송파구,ST-1852,02625,가락종합 사회복지관,2625.가락종합 사회복지관,15,서울특별시 송파구 가락동 282,,37.49553680,127.10720062,0,0,837
837,송파구,ST-1853,02626,"경찰병원역 1,2번 출구 사이","2626.경찰병원역 1,2번 출구 사이",15,서울특별시 송파구 송이로 123 국립경찰병원,,37.49569321,127.12385559,0,0,838
838,송파구,ST-1854,02627,문정시영아파트 5동 앞 공원,2627.문정시영아파트 5동 앞 공원,15,서울특별시 송파구 송이로31길 52 문정시영아파트,,37.49112320,127.13510895,0,0,839
839,송파구,ST-1855,02628,문정역 1번출구,2628.문정역 1번출구,15,서울특별시 송파구 문정동 55-13,,37.48669815,127.12244415,0,0,840
840,송파구,ST-1856,02629,문정동 힐스데이트 에코 송파,2629.문정동 힐스데이트 에코 송파,15,서울특별시 송파구 문정동 492-3,,37.48521805,127.11540222,0,0,841
841,송파구,ST-1857,02630,서울방이동 고분군,2630.서울방이동 고분군,12,서울특별시 송파구 방이동 17-2,,37.50786591,127.11698914,0,0,842
842,송파구,ST-1858,02631,배명고등학교,2631.배명고등학교,15,서울특별시 송파구 삼전동 156,,37.49741364,127.09630585,0,0,843
843,송파구,ST-1859,02632,석촌고분역 2번 출구,2632.석촌고분역 2번 출구,9,서울특별시 송파구 백제고분로 275,,37.50264359,127.09739685,0,0,844
844,중구,ST-186,00371,동대입구역 6번출구 뒤,371. 동대입구역 6번출구 뒤,10,서울특별시 중구 동호로 지하256,동대입구역 6번출구 뒤,37.55887222,127.00553894,0,0,845
845,송파구,ST-1860,02633,송파학사 옆,2633.송파학사 옆,20,서울특별시 송파구 장지동 917-5,,37.47817993,127.14710236,0,0,846
846,송파구,ST-1861,02634,위례포레샤인아파트 2318동,2634.위례포레샤인아파트 2318동,10,서울특별시 송파구 장지동 390-4,,37.47721100,127.13717651,0,0,847
847,송파구,ST-1862,02635,잠실새내역 1번출구,2635.잠실새내역 1번출구,21,서울특별시 송파구 잠실로 62 트리지움,,37.51129532,127.08673859,0,0,848
848,송파구,ST-1863,02636,로체프라자,2636.로체프라자 ,10,서울특별시 송파구 장지동 839,,37.48602676,127.13369751,0,0,849
849,송파구,ST-1864,02637,아시아지하보도 14번 출구,2637. 아시아지하보도 14번 출구,15,서울특별시 송파구 올림픽로 74 잠실월드메르디앙,,37.51146317,127.07881165,0,0,850
850,송파구,ST-1865,02638,쌍용아파트,2638.쌍용아파트,8,서울특별시 송파구 올림픽로47길 9 쌍용아파트,,37.52681351,127.11814880,0,0,851
851,송파구,ST-1866,02639,석촌역 8번출구,2639.석촌역 8번출구,18,서울특별시 송파구 백제고분로 365 태문빌딩,,37.50550461,127.10657501,0,0,852
852,송파구,ST-1867,02646,레이크펠리스101동앞,2646.레이크펠리스101동앞,15,서울특별시 송파구 잠실로 88 레이크팰리스,,37.50775909,127.09129333,0,0,853
853,송파구,ST-1868,02647,잠실 자전거 수리센터 앞,2647.잠실 자전거 수리센터 앞,7,서울특별시 송파구 송파대로 521 잠실자전거수리센터,,37.51100922,127.10114288,0,0,854
854,송파구,ST-1869,02648,헬리오시티 112동 앞,2648.헬리오시티 112동 앞,30,서울특별시 송파구 가락동 538,,37.49469757,127.10464478,0,0,855
855,중구,ST-187,00372,약수역 3번출구 뒤,372. 약수역 3번출구 뒤,10,서울특별시 중구 다산로 지하122,약수역 4번출구 뒤,37.55429459,127.01119995,0,0,856
856,송파구,ST-1870,02649,오금공원사거리2,2649.오금공원사거리2,10,서울특별시 송파구 오금로 363 오금근린공원,,37.50544357,127.13233185,0,0,857
857,송파구,ST-1871,02650,위례22단지 2208동 다리앞,2650.위례22단지 2208동 다리앞,7,서울특별시 송파구 장지동 878-1,,37.47854996,127.13813782,0,0,858
858,송파구,ST-1872,02651,경찰병원역 3번출구 앞,2651.경찰병원역 3번출구 앞,20,서울특별시 송파구 중대로 149 경찰병원역,,37.49612427,127.12480164,0,0,859
859,송파구,ST-1873,02652,송파 레미니스1단지 102동 앞,2652.송파 레미니스1단지 102동 앞,41,서울특별시 송파구 오금동 96,,37.50883102,127.13426208,0,0,860
860,송파구,ST-1874,02653,올림픽공원사거리(선수촌아파트),2653.올림픽공원사거리(선수촌아파트),25,서울특별시 송파구 방이동 181-8,,37.51202011,127.12864685,0,0,861
861,송파구,ST-1875,02654,올림픽선수촌아파트 136동 앞,2654.올림픽선수촌아파트 136동 앞,10,서울특별시 송파구 양재대로 1218 올림픽선수기자촌아파트,,37.50997543,127.13369751,0,0,862
862,송파구,ST-1876,02655,송이공원,2655.송이공원,20,서울특별시 송파구 송파동 166-3,,37.50057983,127.11884308,0,0,863
863,송파구,ST-1877,02657,송파 파인타운 11단지,2657.송파 파인타운 11단지 ,10,서울특별시 송파구 장지동 854-3,,37.47916031,127.13219452,0,0,864
864,송파구,ST-1878,02656,풍납동 아이파크 107동 앞,2656.풍납동 아이파크 107동 앞,10,서울특별시 송파구 풍납동 448,,37.52480316,127.11463928,0,0,865
865,강남구,ST-1879,02413,도곡역 1번 출구,2413.도곡역 1번 출구,20,서울특별시 강남구 도곡동 310-2,,37.49095917,127.05498505,0,0,866
866,중구,ST-188,00373,청구 어린이공원,373. 청구 어린이공원,8,서울특별시 중구 다산로14길 41,약수어린이공원,37.55585861,127.01385498,0,0,867
867,강남구,ST-1880,02414,도곡역 아카데미스위트 앞,2414. 도곡역 아카데미스위트 앞,20,서울특별시 강남구 언주로30길 21 아카데미스위트,,37.48897171,127.05182648,0,0,868
868,강남구,ST-1881,02415,한티역 롯데백화점 앞,2415.한티역 롯데백화점 앞,15,서울특별시 강남구 도곡로 401 롯데백화점,,37.49667358,127.05342865,0,0,869
869,강남구,ST-1882,02416,한티역 6번 출구,2416.한티역 6번 출구,10,서울특별시 강남구 도곡동 556,,37.49589920,127.05219269,0,0,870
870,강남구,ST-1883,02417,"선정릉 디캠프(D,CAMP)앞","2417.선정릉 디캠프(D,CAMP)앞",10,서울특별시 강남구 선릉로 551 새롬빌딩,,37.50799942,127.04524994,0,0,871
871,강남구,ST-1884,02418,봉은사역 7번 출구,2418.봉은사역 7번 출구 ,10,서울특별시 강남구 영동대로 517 아셈타워,,37.51393509,127.05982208,0,0,872
872,강남구,ST-1885,02419,"봉은사역 1,2번 출구","2419.봉은사역 1,2번 출구 ",13,서울특별시 강남구 삼성동 111-86,,37.51430893,127.05970001,0,0,873
873,강남구,ST-1886,02420,학여울역 사거리(LG베스트샵 앞),2420.학여울역 사거리(LG베스트샵 앞),20,서울특별시 강남구 대치동 5-3,,37.49689484,127.07013702,0,0,874
874,강남구,ST-1887,02421,신논현역 4번출구,2421. 신논현역 4번출구,15,서울특별시 강남구 봉은사로 110 연우빌딩,,37.50467300,127.02579498,0,0,875
875,강남구,ST-1888,02422,수서동 성당 맞은편,2422.수서동 성당 맞은편,10,서울특별시 강남구 광평로 202,,37.48416901,127.09484863,0,0,876
876,강남구,ST-1889,02423,영희초교 사거리(래미안개포루체하임),2423.영희초교 사거리(래미안개포루체하임),10,서울특별시 강남구 일원로 81 삼성의료원,,37.49083710,127.08065033,0,0,877
877,중구,ST-189,00374,청구역 2번출구 앞,374. 청구역 2번출구 앞,12,서울특별시 중구 청구로 77 청구역 5.6호선,,37.56047440,127.01407623,0,0,878
878,강남구,ST-1890,02424,신동아파밀리에 203동 맞은편,2424.신동아파밀리에 203동 맞은편,10,서울특별시 강남구 세곡동 512-1,,37.46341324,127.10226440,0,0,879
879,강남구,ST-1891,02425,세곡동 사거리(대왕초등학교 정류장),2425.세곡동 사거리(대왕초등학교 정류장),20,서울특별시 강남구 세곡동 128-2,,37.46461868,127.10684967,0,0,880
880,강남구,ST-1892,02426,강남한신휴플러스 6단지,2426.강남한신휴플러스 6단지,10,서울특별시 강남구 밤고개로26길 50 강남 한신휴플러스 6단지,,37.46829605,127.10469818,0,0,881
881,강남구,ST-1893,02427,개포고등학교 정문앞,2427.개포고등학교 정문앞,10,서울특별시 강남구 개포로 402 개포고등학교,,37.48485184,127.05837250,0,0,882
882,강남구,ST-1894,02428,롯데리아 개포점앞,2428.롯데리아 개포점앞,10,서울특별시 강남구 선릉로 30 개포빌딩,,37.48236847,127.06118774,0,0,883
883,강남구,ST-1895,02429,압구정로데오역 6번출구,2429.압구정로데오역 6번출구,10,서울특별시 강남구 선릉로 845,,37.52745438,127.04042816,0,0,884
884,강남구,ST-1896,02430,강남파이낸스센터앞(역삼역2번출구),2430.강남파이낸스센터앞(역삼역2번출구),10,서울특별시 강남구 테헤란로 152 강남파이낸스센터,,37.50024414,127.03605652,0,0,885
885,강남구,ST-1897,02431,대치역 7번출구,2431.대치역 7번출구,10,서울특별시 강남구 대치동 507-4,,37.49411774,127.06290436,0,0,886
886,강남구,ST-1898,02432,도곡 군인공제회관,2432.도곡 군인공제회관,20,서울특별시 강남구 언주로30길 21 아카데미스위트,,37.48886490,127.05157471,0,0,887
887,서초구,ST-1899,02514,사평역 2번출구,2514.사평역 2번출구,10,서울특별시 서초구 반포동 30-16,,37.50364304,127.01602173,0,0,888
888,마포구,ST-19,00118,광흥창역 2번출구 앞,118. 광흥창역 2번출구 앞,9,서울특별시 마포구 독막로 지하165,243-3,37.54773331,126.93176270,0,0,889
889,중구,ST-190,00375,다산 어린이공원,375. 다산 어린이공원,8,서울특별시 중구 다산로40길 37,다산 어린이공원,37.56371689,127.01842499,0,0,890
890,서초구,ST-1900,02515,서초초등학교 후문,2515.서초초등학교 후문,15,서울특별시 서초구 서초동 1417,,37.49892807,127.02472687,0,0,891
891,서초구,ST-1901,02516,본마을 노인복지센터 앞,2516.본마을 노인복지센터 앞,9,서울특별시 서초구 신원동 136-3,,37.45441818,127.05274200,0,0,892
892,서초구,ST-1902,02517,서초그랑자이 앞,2517. 서초그랑자이 앞,20,서울특별시 서초구 서초동 1335-2,,37.48768234,127.02478790,0,0,893
893,서초구,ST-1903,02518,서초동 현대아파트 앞,2518. 서초동 현대아파트 앞,10,서울특별시 서초구 서초동 1392,,37.48731613,127.02489471,0,0,894
894,서초구,ST-1904,02519,서초2교(사임당로 방면),2519.서초2교(사임당로 방면),10,서울특별시 서초구 서초동 1418,,37.49100876,127.02352142,0,0,895
895,서초구,ST-1905,02520,서초1교 (진흥아파트 방면),2520.서초1교 (진흥아파트 방면),20,서울특별시 서초구 서초동 1323-13,,37.49593353,127.02177429,0,0,896
896,서초구,ST-1906,02521,서초 크로바타워 앞,2521.서초 크로바타워 앞,13,서울특별시 서초구 서초동 1688-12,,37.49556351,127.01918030,0,0,897
897,서초구,ST-1907,02522,반포자이아파트 gate2,2522.반포자이아파트 gate2 ,15,서울특별시 서초구 신반포로 270 반포자이아파트,,37.50637817,127.01039124,0,0,898
898,서초구,ST-1908,02523,뉴코아 킴스클럽 앞,2523.뉴코아 킴스클럽 앞,10,서울특별시 서초구 잠원로 69 킴스클럽,,37.51019287,127.00725555,0,0,899
899,서초구,ST-1909,02524,반포쇼핑타운 8동 앞,2524.반포쇼핑타운 8동 앞,15,서울특별시 서초구 신반포로 219 반포쇼핑타운,,37.50735092,127.00801849,0,0,900
900,서초구,ST-1910,02525,반포쇼핑타운 2동 앞,2525.반포쇼핑타운 2동 앞,20,서울특별시 서초구 신반포로 165 반포쇼핑타운,,37.50560760,127.00215912,0,0,901
901,서초구,ST-1911,02526,반포경남쇼핑 앞,2526.반포경남쇼핑 앞,10,서울특별시 서초구 신반포로 143 경남쇼핑센터,,37.50478745,126.99992371,0,0,902
902,서초구,ST-1912,02527,반포중학교 앞(세화여고 맞은편),2527.반포중학교 앞(세화여고 맞은편),10,서울특별시 서초구 반포동 12,,37.50296021,126.99359894,0,0,903
903,서초구,ST-1913,02528,함지박 사거리,2528.함지박 사거리,10,서울특별시 서초구 방배로 230-1,,37.49377060,126.99006653,0,0,904
904,서초구,ST-1914,02529,우리은행 방배동지점 앞,2529.우리은행 방배동지점 앞,12,서울특별시 서초구 방배로 194-2 구두수선대,,37.48991776,126.99208069,0,0,905
905,서초구,ST-1915,02530,삼호3차아파트 앞,2530.삼호3차아파트 앞,15,서울특별시 서초구 방배로 264-2 구두수선대,,37.49779510,126.98706818,0,0,906
906,서초구,ST-1916,02531,멤피스아파트 앞,2531.멤피스아파트 앞,20,서울특별시 서초구 방배로 239 현대멤피스아파트,,37.49420547,126.98935699,0,0,907
907,서초구,ST-1917,02532,국립국악원 앞,2532.국립국악원 앞,13,서울특별시 서초구 서초동 산150-124,,37.47820282,127.00878143,0,0,908
908,서초구,ST-1918,02533,한가람미술관 앞,2533.한가람미술관 앞,10,서울특별시 서초구 남부순환로 2406 예술의전당,,37.48087692,127.01452637,0,0,909
909,서초구,ST-1919,02534,신흥교(애견훈련소),2534.신흥교(애견훈련소),10,서울특별시 서초구 내곡동 1-3031,,37.45563126,127.08097839,0,0,910
910,중구,ST-192,00377,서울역 5번출구 앞,377. 서울역 5번출구 앞,10,서울특별시 중구 세종대로 지하2,서울역 4번출구 앞,37.55721664,126.97300720,0,0,911
911,서초구,ST-1920,02535,신반포역 3번출구 뒤,2535.신반포역 3번출구 뒤,10,서울특별시 서초구 반포대로 275 래미안퍼스티지아파트,,37.50362396,126.99732208,0,0,912
912,서초구,ST-1921,02536,서초종합체육관 입구,2536.서초종합체육관 입구,10,서울특별시 서초구 원지동 산79-20,,37.45899582,127.04132080,0,0,913
913,서초구,ST-1922,02537,양재역 8번출구 앞,2537.양재역 8번출구 앞,10,서울특별시 서초구 강남대로 209-2 가로분식점,,37.48257065,127.03643799,0,0,914
914,서초구,ST-1923,02538,사평리근린공원,2538.사평리근린공원,25,서울특별시 서초구 잠원로14길 10,,37.52026749,127.01525116,0,0,915
915,서초구,ST-1924,02540,반포천 앞,2540.반포천 앞,10,서울특별시 서초구 사평대로 108 반포골프백화점,,37.49905014,126.99625397,0,0,916
916,서초구,ST-1925,02541,옛골 입구,2541.옛골 입구,10,서울특별시 서초구 신원동 66-8,,37.43097687,127.07033539,0,0,917
917,서초구,ST-1926,02542,신논현타워 앞,2542.신논현타워 앞,10,서울특별시 서초구 강남대로 477-2 가로분식점,,37.50508881,127.02391052,0,0,918
918,서초구,ST-1927,02543,경문고교 사거리,2543.경문고교 사거리,10,서울특별시 서초구 동작대로 164,,37.49122238,126.98295593,0,0,919
919,서초구,ST-1928,02544,신사역 5번출구,2544.신사역 5번출구,10,서울특별시 서초구 강남대로 617-2 구두수선대,,37.51654053,127.01914978,0,0,920
920,서초구,ST-1929,02545,국립중앙도서관(국제회의장옆),2545.국립중앙도서관(국제회의장옆),15,서울특별시 서초구 반포대로 201 국립중앙도서관,,37.49721146,127.00427246,0,0,921
921,중구,ST-193,00378,청계7가 사거리,378. 청계7가 사거리,10,서울특별시 중구 다산로 지하260,청계7가 사거리,37.56980515,127.01695251,0,0,922
922,서초구,ST-1930,02546,한신18차아파트,2546.한신18차아파트,15,서울특별시 서초구 잠원로 104-2 구두수선대,,37.51959229,127.01319122,0,0,923
923,금천구,ST-1931,01860,남서울힐스테이트아파트,1860.남서울힐스테이트아파트,15,서울특별시 금천구 시흥대로 165 남서울힐스테이트아파트,,37.44652557,126.90023804,0,0,924
924,금천구,ST-1932,01861,IBK기업은행 석수역 지점 앞,1861.IBK기업은행 석수역 지점 앞,10,서울특별시 금천구 시흥대로 46 중앙철재종합상가,,37.43698120,126.90329742,0,0,925
925,금천구,ST-1933,01862,스타즈호텔독산 빌딩 앞,1862.스타즈호텔독산 빌딩 앞,20,서울특별시 금천구 시흥대로 315 금천롯데캐슬골드파크4차,,37.46134567,126.89758301,0,0,926
926,금천구,ST-1934,01863,위너스 스포츠클럽 골프연습장옆,1863.위너스 스포츠클럽 골프연습장옆,9,서울특별시 금천구 시흥대로 296 위너스스포츠클럽,,37.46053696,126.89860535,0,0,927
927,금천구,ST-1935,01864,산호시티빌 옆,1864.산호시티빌 옆,15,서울특별시 금천구 시흥동 1000-35,,37.45652008,126.89955139,0,0,928
928,금천구,ST-1936,01865,금천구청앞(M빌딩),1865.금천구청앞(M빌딩),10,서울특별시 금천구 시흥동 113-155,,37.45633316,126.89645386,0,0,929
929,금천구,ST-1937,01866,서울안천초등학교 옆,1866.서울안천초등학교 옆,10,서울특별시 금천구 독산동 1091,,37.45777893,126.88942719,0,0,930
930,금천구,ST-1938,01867,대륭포스트타워6차 앞,1867.대륭포스트타워6차 앞,30,서울특별시 금천구 벚꽃로 298 대륭포스트타워6차,,37.48088837,126.88380432,0,0,931
931,금천구,ST-1939,01868,우리은행 시흥남자동화점 앞,1868.우리은행 시흥남자동화점 앞,10,서울특별시 금천구 시흥대로 155,,37.44785309,126.90288544,0,0,932
932,중구,ST-194,00379,서울역9번출구,379. 서울역9번출구,7,서울특별시 중구 세종대로 지하2,서울역9번출구,37.55599976,126.97335815,0,0,933
933,금천구,ST-1940,01869,롯데캐슬골드파크3차 301동 앞,1869.롯데캐슬골드파크3차 301동 앞,15,서울특별시 금천구 시흥대로 291 금천롯데캐슬골드파크3차,,37.45901871,126.89671326,0,0,934
934,금천구,ST-1941,01870,독산3동주민센터 앞,1870.독산3동주민센터 앞,8,서울특별시 금천구 독산동 995-6,,37.47507095,126.90335846,0,0,935
935,구로구,ST-1942,02802,우성현대아파트,2802.우성현대아파트,10,서울특별시 구로구 중앙로1길 18-19 우성현대아파트,,37.49908447,126.86327362,0,0,936
936,구로구,ST-1943,02803,항동지구 6단지 602동 건너편,2803.항동지구 6단지 602동 건너편,20,서울특별시 구로구 항동 204-3,,37.47756195,126.81976318,0,0,937
937,구로구,ST-1944,02804,항동지구 6단지 602동 앞,2804.항동지구 6단지 602동 앞,10,서울특별시 구로구 항동 194-4,,37.47737503,126.82001495,0,0,938
938,구로구,ST-1945,02805,구로자원순환센터,2805.구로자원순환센터 ,10,서울특별시 구로구 항동 80-6,,37.48250961,126.82575989,0,0,939
939,구로구,ST-1946,02806,항동지구 4단지 입구,2806.항동지구 4단지 입구,10,서울특별시 구로구 항동 75-2,,37.48259735,126.82645416,0,0,940
940,구로구,ST-1947,02807,항동지구 1단지 105동 앞,2807.항동지구 1단지 105동 앞,10,서울특별시 구로구 항동 100-14,,37.48062897,126.82181549,0,0,941
941,구로구,ST-1948,02808,항동지구 2단지 202동 앞,2808.항동지구 2단지 202동 앞,10,서울 구로구 항동 100-5,,37.48080826,126.82190704,0,0,942
942,구로구,ST-1949,02809,항동지구 11단지 1103동 앞,2809.항동지구 11단지 1103동 앞,10,서울특별시 구로구 항동 169-1,,37.47790527,126.82311249,0,0,943
943,중구,ST-195,00380,CJ제일제당 앞,380. CJ제일제당 앞,8,서울특별시 중구 동호로 330,CJ제일제당 앞,37.56386566,127.00274658,0,0,944
944,구로구,ST-1950,02810,항동지구 3단지 311동 앞,2810.항동지구 3단지 311동 앞,10,서울특별시 구로구 항동 169-1,,37.47793961,126.82327271,0,0,945
945,구로구,ST-1951,02811,"항동지구 1,2단지 입구","2811.항동지구 1,2단지 입구",18,서울특별시 구로구 항동 115-2,,37.48009491,126.82248688,0,0,946
946,구로구,ST-1952,02812,항동프라자,2812.항동프라자,15,서울특별시 구로구 항동 120-7,,37.47983170,126.82275391,0,0,947
947,구로구,ST-1953,02813,항동지구 3단지 302동 앞,2813.항동지구 3단지 302동 앞,10,서울특별시 구로구 항동 135-33,,37.47937012,126.82546997,0,0,948
948,구로구,ST-1954,02814,항동지구 10단지 1001동 앞,2814.항동지구 10단지 1001동 앞,10,서울특별시 구로구 항동 135-53,,37.47934341,126.82563782,0,0,949
949,구로구,ST-1955,02815,항동지구 7단지 정문,2815.항동지구 7단지 정문,12,서울특별시 구로구 부광로 96-16 항동 제일풍경채 포레스트,,37.47603607,126.81658936,0,0,950
950,구로구,ST-1956,02816,항동지구 8단지 803동옆(주차장입구),2816.항동지구 8단지 803동옆(주차장입구),14,서울특별시 구로구 항동 220,,37.47473145,126.81700897,0,0,951
951,구로구,ST-1957,02817,천왕이펜하우스5단지 앞,2817.천왕이펜하우스5단지 앞,10,서울특별시 구로구 천왕동 277-4,,37.47989655,126.84037018,0,0,952
952,구로구,ST-1958,02818,천왕이펜하우스3단지 앞,2818.천왕이펜하우스3단지 앞,14,서울특별시 구로구 천왕로 56 천왕 이펜하우스 3단지,,37.48223877,126.83853149,0,0,953
953,구로구,ST-1959,02819,하늘숲초등학교 앞,2819.하늘숲초등학교 앞,20,서울특별시 구로구 오리로 1100 천왕연지타워,,37.48366547,126.84161377,0,0,954
954,중구,ST-196,00381,장충체육관,381. 장충체육관,15,서울특별시 중구 장충동2가 200-99,장충체육관,37.55853271,127.00698853,0,0,955
955,구로구,ST-1960,02820,신세기아파트 앞,2820.신세기아파트 앞,10,서울특별시 구로구 개봉로19길 87 로얄파크,,37.49396515,126.85304260,0,0,956
956,구로구,ST-1961,02821,청구아파트 앞,2821.청구아파트 앞,10,서울특별시 구로구 중앙로6길 5-15 청구아파트,,37.50119019,126.86353302,0,0,957
957,구로구,ST-1962,02822,제니스스포츠 앞,2822.제니스스포츠 앞,14,서울특별시 구로구 고척동 60-42,,37.50452042,126.87055206,0,0,958
958,구로구,ST-1963,02823,중앙유통단지 앞,2823.중앙유통단지 앞,10,서울특별시 구로구 구로동 635-32,,37.49981308,126.87431335,0,0,959
959,구로구,ST-1964,02824,미래사랑어린이공원 앞,2824.미래사랑어린이공원 앞,10,서울특별시 구로구 경인로 673-1 가로판매대,,37.51006317,126.88956451,0,0,960
960,구로구,ST-1965,02825,초롱타운 앞,2825.초롱타운 앞,10,서울특별시 구로구 구로동 467-62,,37.49545288,126.88039398,0,0,961
961,구로구,ST-1966,02826,가마산지하보도 옆,2826.가마산지하보도 옆,10,서울특별시 구로구 가마산로 141,,37.48864746,126.88047028,0,0,962
962,영등포구,ST-1967,00295,영등포공원 분수대 앞,295.영등포공원 분수대 앞,10,서울특별시 영등포구 신길로 275 영등포문화원,,37.51481247,126.91170502,0,0,963
963,영등포구,ST-1968,00296,KT플라자 영등포점,296.KT플라자 영등포점,20,서울특별시 영등포구 영등포동8가 29-1,,37.52630234,126.90538025,0,0,964
964,영등포구,ST-1969,00297,국회3문,297.국회3문,10,서울특별시 영등포구 여의도동 8-1,,37.52863693,126.91267395,0,0,965
965,중구,ST-197,00382,약수역 10번출구 앞,382. 약수역 10번출구 앞,7,서울특별시 중구 신당동 357-1,약수역 10번출구 앞,37.55519867,127.01004791,0,0,966
966,영등포구,ST-1970,00298,KBS 연구동 건너편,298.KBS 연구동 건너편,25,서울특별시 영등포구 여의도동 1-1,,37.52750778,126.91429901,0,0,967
967,영등포구,ST-1971,00299,여의도 순복음교회,299.여의도 순복음교회,10,서울특별시 영등포구 여의서로 60-2 가로판매대22,,37.53179169,126.92245483,0,0,968
968,영등포구,ST-1972,03201,당산skv1센터,3201.당산skv1센터,9,서울특별시 영등포구 당산동4가 80-2,,37.53073502,126.89916992,0,0,969
969,영등포구,ST-1973,03202,당산롯데캐슬프레스티지,3202.당산롯데캐슬프레스티지,15,서울특별시 영등포구 당산동4가 10-21,,37.52869034,126.90386200,0,0,970
970,영등포구,ST-1974,03203,도림동배드민턴체육관,3203.도림동배드민턴체육관,10,서울특별시 영등포구 도신로15길 5 영등포 다목적 배드민턴 체육관,,37.50611496,126.89859009,0,0,971
971,영등포구,ST-1975,03204,도림고가도로 밑,3204.도림고가도로 밑,10,서울특별시 영등포구 도림동 187-87,,37.51124191,126.89818573,0,0,972
972,영등포구,ST-1976,03205,문래현대2차,3205.문래현대2차,10,서울특별시 영등포구 문래로4길 6 현대아파트,,37.52021790,126.88216400,0,0,973
973,영등포구,ST-1977,03206,문래동 주민센터,3206.문래동 주민센터,15,서울특별시 영등포구 문래동3가 55-13,,37.51707077,126.89908600,0,0,974
974,영등포구,ST-1978,03207,양남사거리1,3207.양남사거리1,12,서울특별시 영등포구 선유로 87,,37.52182770,126.88972473,0,0,975
975,영등포구,ST-1979,03208,양평역 2번출구,3208.양평역 2번출구,15,서울특별시 영등포구 양평동2가 33-80,,37.52555466,126.88587189,0,0,976
976,중구,ST-198,00383,신당역 12번 출구 뒤,383. 신당역 12번 출구 뒤,22,서울특별시 중구 신당동 99,신당역 5번 출구,37.56584930,127.01640320,0,0,977
977,영등포구,ST-1980,03209,롯데칠성음료신협양평분점(근린공원),3209.롯데칠성음료신협양평분점(근린공원),10,서울특별시 영등포구 양평동 1-1,,37.54185104,126.89380646,0,0,978
978,영등포구,ST-1981,03210,신길 꿈에그린아파트,3210.신길 꿈에그린아파트,15,서울특별시 영등포구 신길로 119 신길뉴타운 한화 꿈에그린,,37.50313568,126.91007996,0,0,979
979,영등포구,ST-1982,03211,신길 래미안 프레비뉴,3211.신길 래미안 프레비뉴,15,서울특별시 영등포구 가마산로 442 래미안프레비뉴,,37.50438309,126.90808868,0,0,980
980,영등포구,ST-1983,03212,신풍역 6번출구,3212.신풍역 6번출구,10,서울특별시 영등포구 신길동 2798,,37.50017166,126.91130829,0,0,981
981,영등포구,ST-1984,03213,썬프라자 웨딩홀뷔페,3213.썬프라자 웨딩홀뷔페,10,서울특별시 영등포구 신길로 39-3 가로판매대84,,37.49636459,126.90824890,0,0,982
982,영등포구,ST-1985,03214,영등포 푸르지오 아파트 A,3214.영등포 푸르지오 아파트 A,10,서울특별시 영등포구 도신로29길 28 영등포푸르지오,,37.51202393,126.90105438,0,0,983
983,영등포구,ST-1986,03215,강변삼성래미안,3215.강변삼성래미안,15,서울특별시 영등포구 당산동 121-317,,37.52974319,126.90782928,0,0,984
984,영등포구,ST-1987,03216,국회의사당,3216.국회의사당,13,서울특별시 영등포구 의사당대로 1 국회,,37.53266525,126.91376495,0,0,985
985,영등포구,ST-1988,03217,우리은행 여의도한화금융센터,3217.우리은행 여의도한화금융센터,10,서울특별시 영등포구 63로 40 라이프오피스텔,,37.51987457,126.93881989,0,0,986
986,영등포구,ST-1989,03218,여의도 미원빌딩,3218.여의도 미원빌딩,25,서울특별시 영등포구 여의도동 4-2,,37.52166367,126.93087769,0,0,987
987,중구,ST-199,00384,종로학원본원,384. 종로학원본원 ,10,서울특별시 중구 청파로 456,종로학원본원 앞,37.55978012,126.96850586,0,0,988
988,영등포구,ST-1990,03219,영등포역 1번출구,3219.영등포역 1번출구,10,서울특별시 영등포구 영등포동 618-9,,37.51484680,126.90773010,0,0,989
989,영등포구,ST-1991,03220,래미안에스티움 앞 (신풍로),3220.래미안에스티움 앞 (신풍로),20,서울특별시 영등포구 신길동 3859,,37.50013733,126.91397858,0,0,990
990,영등포구,ST-1992,03221,서울특별시 남부교육지원청,3221.서울특별시 남부교육지원청,10,서울특별시 영등포구 문래로 121 서울특별시 남부교육지원청,,37.51933289,126.89530182,0,0,991
991,양천구,ST-1993,00767,신정숲속마을아파트,767.신정숲속마을아파트,10,서울특별시 양천구 신정로 110 신정숲속마을,,37.50574493,126.83631134,0,0,992
992,양천구,ST-1994,00768,목동5단지아파트 501동,768.목동5단지아파트 501동,15,서울특별시 양천구 목동동로 350 목동신시가지아파트5단지,,37.53566742,126.88158417,0,0,993
993,양천구,ST-1995,00769,CBS방송국 앞,769.CBS방송국 앞,20,서울특별시 양천구 목동서로 159-3 가로판매대2,,37.52785492,126.87467194,0,0,994
994,양천구,ST-1996,00770,목동역5번출구 교통정보센터 앞,770.목동역5번출구 교통정보센터 앞,15,서울특별시 양천구 목동 927-10,,37.52571487,126.86486816,0,0,995
995,양천구,ST-1997,00771,목동아파트 703동 앞,771.목동아파트 703동 앞,8,서울특별시 양천구 목동로 212 목동신시가지아파트7단지,,37.52820587,126.87016296,0,0,996
996,양천구,ST-1998,00772,대원칸타빌1차아파트,772.대원칸타빌1차아파트,15,서울특별시 양천구 목동 812,,37.52825928,126.86426544,0,0,997
997,양천구,ST-1999,00773,"염창역 3, 4번 출구 사이","773.염창역 3, 4번 출구 사이",10,서울특별시 양천구 공항대로 630 어바니엘,,37.54670715,126.87457275,0,0,998
998,마포구,ST-20,00114,홍대입구역 8번출구 앞,114. 홍대입구역 8번출구 앞,15,서울특별시 마포구 양화로18길 3,192-5,37.55706024,126.92442322,0,0,999
999,마포구,ST-200,00142,아현역 4번출구 앞,142. 아현역 4번출구 앞,11,서울특별시 마포구 아현동 329-15,아현역 4번출구 앞,37.55720139,126.95566559,0,0,1000
1000,양천구,ST-2000,00774,등촌역 4번 출구,774.등촌역 4번 출구 ,11,서울특별시 양천구 공항대로 552 목동대우마이빌,,37.54950714,126.86721802,0,0,1001
1001,양천구,ST-2001,00775,세종그랑시아 앞(102동),775.세종그랑시아 앞(102동),10,서울특별시 양천구 목동중앙남로3가길 59 세종그랑시아아파트,,37.53837585,126.86383057,0,0,1002
1002,양천구,ST-2002,00776,목마공원,776.목마공원,15,서울특별시 양천구 목동동로 441 공중화장실,,37.53874207,126.88568115,0,0,1003
1003,양천구,ST-2003,00777,신월6차보람아파트 앞,777.신월6차보람아파트 앞,10,서울특별시 양천구 곰달래로7길 7 신월6차보람아파트,,37.53012848,126.83477783,0,0,1004
1004,양천구,ST-2004,00778,신한은행 신월동 지점 앞,778.신한은행 신월동 지점 앞 ,8,서울특별시 양천구 신월로 166-1 구두수선대15,,37.51797104,126.84153748,0,0,1005
1005,양천구,ST-2005,00779,신정1동 주민센터 앞,779. 신정1동 주민센터 앞,20,서울특별시 양천구 신정동 1145,,37.51854324,126.85388184,0,0,1006
1006,양천구,ST-2006,00780,신정교 하부,780.신정교 하부,15,서울특별시 양천구 안양천로 812 공중화장실,,37.51733780,126.87764740,0,0,1007
1007,양천구,ST-2007,00781,신정보도육교 아래,781.신정보도육교 아래,15,서울특별시 양천구 신정동 1278-2,,37.51759338,126.87655640,0,0,1008
1008,양천구,ST-2008,00782,서남병원 후문,782.서남병원 후문,20,서울특별시 양천구 신정동 1316-7,,37.51167297,126.83274078,0,0,1009
1009,양천구,ST-2009,00783,명가원설놀탕 앞(신정4동),783.명가원설놀탕 앞(신정4동),10,서울특별시 양천구 신정동 1094,,37.52223969,126.86176300,0,0,1010
1010,마포구,ST-201,00143,공덕역 2번출구,143. 공덕역 2번출구,9,서울특별시 마포구 공덕동 257-88,공덕역 2번출구,37.54457855,126.95021820,0,0,1011
1011,양천구,ST-2010,00784,목동아파트 14단지 A상가 앞,784.목동아파트 14단지 A상가 앞,10,서울특별시 양천구 신정동 329-5,,37.51501846,126.87223816,0,0,1012
1012,양천구,ST-2011,00785,"양천구청, 보건소 사잇길","785.양천구청, 보건소 사잇길",24,서울특별시 양천구 신정동 321-8,,37.51747513,126.86632538,0,0,1013
1013,양천구,ST-2012,00786,목동아파트 8단지 상가동 앞,786.목동아파트 8단지 상가동 앞,9,서울특별시 양천구 목동서로 280 목동신시가지아파트8단지,,37.52007294,126.86830139,0,0,1014
1014,양천구,ST-2013,00787,양천아파트 입구,787.양천아파트 입구,14,서울특별시 양천구 신정동 204-20,,37.50790405,126.86264801,0,0,1015
1015,양천구,ST-2014,00788,양천구청역 2번출구 옆,788.양천구청역 2번출구 옆,15,서울특별시 양천구 목동로3길 57 양천아파트,,37.51228714,126.86528015,0,0,1016
1016,양천구,ST-2015,00790,화곡고가 사거리,790.화곡고가 사거리,30,서울특별시 양천구 신월동 455-5,,37.52760696,126.84875488,0,0,1017
1017,양천구,ST-2016,00791,현대하이페리온,791.현대하이페리온,15,서울특별시 양천구 오목로 300 현대하이페리온2,,37.52490616,126.86978912,0,0,1018
1018,양천구,ST-2017,00792,목동트라팰리스 웨스턴에비뉴,792.목동트라팰리스 웨스턴에비뉴,20,서울특별시 양천구 오목로 299 목동트라팰리스,,37.52537155,126.87092590,0,0,1019
1019,강서구,ST-2018,02703,서울도시가스 앞,2703.서울도시가스 앞 ,20,서울특별시 강서구 공항대로 607 서울도시가스사옥,,37.54748535,126.87202454,0,0,1020
1020,종로구,ST-2019,00486,평창동주민센터 앞,486. 평창동주민센터 앞,5,서울특별시 종로구 평창문화로 65 평창동 주민센터,,37.60627365,126.96832275,0,0,1021
1021,마포구,ST-202,00144,공덕역 8번출구,144. 공덕역 8번출구,10,서울특별시 마포구 공덕동 438-5,공덕역 8번출구,37.54357910,126.95132446,0,0,1022
1022,강서구,ST-2020,02704,홈플러스(강서점),2704.홈플러스(강서점),10,서울특별시 강서구 화곡로 398 홈플러스강서점앤본사사옥,,37.55852127,126.85401154,0,0,1023
1023,강서구,ST-2021,02705,홈플러스(가양점),2705.홈플러스(가양점),9,서울특별시 강서구 양천로 431 홈플러스가양점,,37.56440353,126.84922028,0,0,1024
1024,강서구,ST-2022,02706,강서공업고등학교 앞,2706.강서공업고등학교 앞,13,서울특별시 강서구 방화동 813-18,,37.57631683,126.81649780,0,0,1025
1025,강서구,ST-2023,02707,한강아파트,2707.한강아파트,13,서울특별시 강서구 가양동 1458-13,,37.57036972,126.84441376,0,0,1026
1026,강서구,ST-2024,02708,강서한강자이타워 앞,2708.강서한강자이타워 앞,15,서울특별시 강서구 가양동 18-23,,37.56468201,126.84890747,0,0,1027
1027,강서구,ST-2025,02709,강변아파트 310동 앞,2709.강변아파트 310동 앞,20,서울특별시 강서구 가양동 1459-11,,37.56458664,126.85691833,0,0,1028
1028,강서구,ST-2026,02710,라이품 공영주차장 앞,2710.라이품 공영주차장 앞,30,서울특별시 강서구 강서로 515 라이품,,37.57131958,126.84166718,0,0,1029
1029,강서구,ST-2027,02711,가로공원공영주차장 1번 출구,2711.가로공원공영주차장 1번 출구,9,서울특별시 강서구 가로공원로 189 가로공원로 지하공영주차장,,37.53736115,126.83744812,0,0,1030
1030,강서구,ST-2028,02712,화곡터널입구교차로,2712.화곡터널입구교차로,18,서울특별시 강서구 가로공원로 240,,37.53835678,126.84236145,0,0,1031
1031,강서구,ST-2029,02713,우장초등학교 앞,2713.우장초등학교 앞,13,서울특별시 강서구 화곡동 19-2,,37.54853439,126.84667206,0,0,1032
1032,마포구,ST-203,00145,공덕역 5번출구,145. 공덕역 5번출구,9,서울특별시 마포구 공덕동 237-9,공덕역 5번출구,37.54425049,126.95163727,0,0,1033
1033,강서구,ST-2030,02714,발산1동주민센터교차로,2714.발산1동주민센터교차로,10,서울특별시 강서구 강서로47길 108 마곡수명산파크1단지아파트,,37.55335236,126.83104706,0,0,1034
1034,강서구,ST-2031,02715,마곡나루역 2번 출구,2715.마곡나루역 2번 출구 ,25,서울특별시 강서구 마곡중앙5로 2 마곡나루역(9호선),,37.56692505,126.82743835,0,0,1035
1035,강서구,ST-2032,02716,롯데 R&D 센터,2716.롯데 R&D 센터,20,서울특별시 강서구 마곡중앙로 201 롯데중앙연구소,,37.57094193,126.82831573,0,0,1036
1036,강서구,ST-2033,02717,LG유플러스 마곡사옥,2717.LG유플러스 마곡사옥,62,서울특별시 강서구 마곡중앙8로 71 엘지사이언스파크,,37.56133652,126.83390045,0,0,1037
1037,강서구,ST-2034,02718,마곡수명산파크1단지,2718.마곡수명산파크1단지,20,서울특별시 강서구 마곡동 806-5,,37.55519104,126.83146667,0,0,1038
1038,강서구,ST-2035,02719,마곡문화공원,2719.마곡문화공원,40,서울특별시 강서구 마곡중앙8로 32 스페이스K 서울,,37.56121063,126.83034515,0,0,1039
1039,강서구,ST-2036,02720,힐스테이트에코,2720.힐스테이트에코,30,서울특별시 강서구 공항대로 195 힐스테이트에코동익,,37.55965805,126.82960510,0,0,1040
1040,강서구,ST-2037,02721,등촌1-10단지 교차로,2721.등촌1-10단지 교차로,12,서울특별시 강서구 마곡동 727-1243,,37.56320572,126.83936310,0,0,1041
1041,강서구,ST-2038,02722,마곡 문영비지웍스,2722.마곡 문영비지웍스,10,서울특별시 강서구 등촌동 709,,37.56188202,126.83915710,0,0,1042
1042,양천구,ST-2039,00793,목동5단지아파트 534동,793.목동5단지아파트 534동,15,서울특별시 양천구 목동동로 350 목동신시가지아파트5단지,,37.53302002,126.87789917,0,0,1043
1043,마포구,ST-204,00146,마포역 2번출구 뒤,146. 마포역 2번출구 뒤,12,서울특별시 마포구 도화동 555-2,마포역 1번출구 뒤,37.53993607,126.94582367,0,0,1044
1044,강서구,ST-2040,02723,마곡 필네이처,2723.마곡 필네이처,13,서울특별시 강서구 마곡동 789-10,,37.56089401,126.83669281,0,0,1045
1045,강서구,ST-2041,02724,(재)FITI시험연구원,2724.(재)FITI시험연구원,25,서울특별시 강서구 마곡중앙8로3길 79,,37.56848526,126.83856964,0,0,1046
1046,강서구,ST-2042,02725,서울식물원 식물문화센터,2725.서울식물원 식물문화센터,20,서울특별시 강서구 마곡동로 161 서울식물원,,37.56883621,126.83563232,0,0,1047
1047,강서구,ST-2043,02726,서울식물원 주제원입구,2726.서울식물원 주제원입구,40,서울특별시 강서구 마곡동 775-3,,37.56722260,126.83438873,0,0,1048
1048,강서구,ST-2044,02727,서울식물원 잔디마당 앞,2727.서울식물원 잔디마당 앞,25,서울특별시 강서구 마곡중앙10로 10 LG사이언스파크,,37.56392670,126.83064270,0,0,1049
1049,강서구,ST-2045,02728,마곡나루역 3번 출구,2728.마곡나루역 3번 출구,55,서울특별시 강서구 마곡동로 115,,37.56580353,126.82807922,0,0,1050
1050,강서구,ST-2046,02729,넥센 유니버시티 앞,2729.넥센 유니버시티 앞,30,서울특별시 강서구 마곡중앙로 177 더넥센유니버시티,,37.56948471,126.82809448,0,0,1051
1051,강서구,ST-2047,02730,마곡메가박스 앞,2730.마곡메가박스 앞,30,서울특별시 강서구 마곡동 769-4,,37.55912781,126.83495331,0,0,1052
1052,강서구,ST-2048,02731,명덕고교,2731.명덕고교,20,서울특별시 강서구 마곡동 728-46,,37.55524063,126.83471680,0,0,1053
1053,강서구,ST-2049,02732,마곡수명산 1-2단지,2732.마곡수명산 1-2단지 ,14,서울특별시 강서구 마곡동 728-352,,37.55530930,126.82985687,0,0,1054
1054,마포구,ST-205,00147,마포역 4번출구 뒤,147. 마포역 4번출구 뒤,7,서울특별시 마포구 도화동 292-29,마포역 4번출구 뒤,37.53927231,126.94591522,0,0,1055
1055,강서구,ST-2050,02733,마곡13단지 정문 앞,2733.마곡13단지 정문 앞,15,서울특별시 강서구 마곡중앙1로 71 마곡 13단지 힐스테이트 마스터,,37.55863190,126.81991577,0,0,1056
1056,강서구,ST-2051,02734,마곡 꿈자람어린이공원,2734.마곡 꿈자람어린이공원,10,서울특별시 강서구 마곡동 741-1,,37.56493759,126.81935883,0,0,1057
1057,강서구,ST-2052,02735,마곡 공공청사,2735.마곡 공공청사,20,서울특별시 강서구 마곡서로 101 동익드미라벨복합빌딩,,37.56229401,126.82395172,0,0,1058
1058,강서구,ST-2053,02736,마곡엠벨리7단지 M타워,2736.마곡엠벨리7단지 M타워,30,서울특별시 강서구 마곡서로 133 마곡엠밸리7단지,,37.56668854,126.82469940,0,0,1059
1059,강서구,ST-2054,02737,까치산역 3번 출구,2737.까치산역 3번 출구,10,서울특별시 강서구 화곡동 662-6,,37.53158951,126.84664154,0,0,1060
1060,강서구,ST-2055,02738,까치산시장,2738.까치산시장,10,서울특별시 강서구 화곡동 663-15,,37.53139496,126.84719086,0,0,1061
1061,강서구,ST-2056,02739,수명산파크1단지교차로,2739.수명산파크1단지교차로,20,서울특별시 강서구 내발산동 741-2,,37.55363083,126.82861328,0,0,1062
1062,강서구,ST-2057,02740,마곡레포츠센터,2740.마곡레포츠센터,20,서울특별시 강서구 마곡동 811-6,,37.57297516,126.83244324,0,0,1063
1063,강서구,ST-2058,02741,마곡수명산파크5-6단지,2741.마곡수명산파크5-6단지,8,서울특별시 강서구 수명로2길 105 마곡수명산파크5단지아파트,,37.55061722,126.82688141,0,0,1064
1064,강서구,ST-2059,02742,강서구민올림픽체육센터,2742.강서구민올림픽체육센터,10,서울특별시 강서구 화곡로65길 62 강서구민올림픽체육센터,,37.55990601,126.85042572,0,0,1065
1065,마포구,ST-206,00148,용강동 주민센터 앞,148. 용강동 주민센터 앞,11,서울특별시 마포구 용강동 234-1,용강동 주민센터 앞,37.54234695,126.94302368,0,0,1066
1066,노원구,ST-2060,01694,월계세양청마루아파트 후문,1694.월계세양청마루아파트 후문,0,서울특별시 노원구 석계로13길 35 세양청마루아파트,,37.62070847,127.06120300,0,0,1067
1067,노원구,ST-2061,01695,월계미륭아파트 정문,1695.월계미륭아파트 정문,10,서울특별시 노원구 마들로 59 월계미성아파트,,37.62322235,127.06702423,0,0,1068
1068,노원구,ST-2062,01696,수락리버시티4단지,1696.수락리버시티4단지,10,서울특별시 노원구 누원로 18 수락리버시티4단지,,37.68645096,127.05283356,0,0,1069
1069,노원구,ST-2063,01697,상계주공2단지 219동,1697.상계주공2단지 219동,10,서울특별시 노원구 동일로215길 81 새상계교회,,37.65024948,127.05715179,0,0,1070
1070,노원구,ST-2064,01698,상계미도아파트 후문,1698.상계미도아파트 후문,0,서울특별시 노원구 덕릉로 459-18 미도아파트,,37.64671707,127.06021881,0,0,1071
1071,노원구,ST-2065,01699,상계보람아파트1단지 정문,1699.상계보람아파트1단지 정문,0,서울특별시 노원구 한글비석로 479 보람아파트1단지,,37.66420746,127.06460571,0,0,1072
1072,노원구,ST-2066,01700,상계보람아파트 202동,1700.상계보람아파트 202동 ,15,서울특별시 노원구 한글비석로 480 보람아파트2단지,,37.66521454,127.06613922,0,0,1073
1073,노원구,ST-2067,02901,공릉동풍림아파트 101동,2901.공릉동풍림아파트 101동,8,서울특별시 노원구 섬밭로 139 공릉풍림아파트,,37.62981415,127.06650543,0,0,1074
1074,노원구,ST-2068,02902,공릉풍림아파트 108동,2902.공릉풍림아파트 108동,12,서울특별시 노원구 섬밭로 139 공릉풍림아파트,,37.62862015,127.06690979,0,0,1075
1075,노원구,ST-2069,02903,월계초안아파트 1단지,2903.월계초안아파트 1단지,10,서울특별시 노원구 덕릉로60타길 24,,37.63372803,127.04436493,0,0,1076
1076,마포구,ST-207,00150,서강대역 2번출구 앞,150. 서강대역 2번출구 앞,15,서울특별시 마포구 노고산동 112-13,서강대역 2번출구 앞,37.55295563,126.93434143,0,0,1077
1077,노원구,ST-2070,02904,중계3차청구아파트,2904.중계3차청구아파트,8,서울특별시 노원구 중계로 233 청구3차아파트,,37.65050507,127.07398224,0,0,1078
1078,노원구,ST-2071,02905,중계주공6단지,2905.중계주공6단지,10,서울특별시 노원구 중계동 391-1,,37.64816284,127.07898712,0,0,1079
1079,노원구,ST-2072,02906,하계미성아파트 5동,2906.하계미성아파트 5동,10,서울특별시 노원구 공릉로59길 28 미성아파트,,37.63475037,127.06991577,0,0,1080
1080,노원구,ST-2073,02907,월계중학교,2907. 월계중학교,15,서울특별시 노원구 초안산로 29 신계초등학교,,37.63074875,127.05310822,0,0,1081
1081,노원구,ST-2074,02908,광운대학교 중앙도서관,2908. 광운대학교 중앙도서관,20,서울특별시 노원구 광운로 20 광운대학교,,37.62000275,127.05856323,0,0,1082
1082,노원구,ST-2075,02909,석계역 3번 출구,2909. 석계역 3번 출구,13,서울특별시 노원구 화랑로 351-2 구두수선대196,,37.61545944,127.06745148,0,0,1083
1083,노원구,ST-2076,02910,도깨비시장,2910.도깨비시장,10,서울특별시 노원구 공릉동 583-2,,37.62186432,127.07405090,0,0,1084
1084,노원구,ST-2077,02911,상계역중앙시장,2911.상계역중앙시장,7,서울특별시 노원구 한글비석로 389-2 가로판매대,,37.65887070,127.07191467,0,0,1085
1085,노원구,ST-2078,02912,대진고등학교,2912.대진고등학교,20,서울특별시 노원구 한글비석로 97,,37.63815689,127.07326508,0,0,1086
1086,노원구,ST-2079,02913,상계8동 주민센터,2913.상계8동 주민센터,17,서울특별시 노원구 동일로227길 86 상계주공16단지아파트,,37.66712952,127.05176544,0,0,1087
1087,마포구,ST-208,00151,망원1동주민센터,151. 망원1동주민센터,10,서울특별시 마포구 망원동 403-2,망원1동주민센터,37.55568695,126.90554810,0,0,1088
1088,노원구,ST-2080,02914,서울과학기술대학교(미래관),2914.서울과학기술대학교(미래관),10,서울특별시 노원구 노원로 75 한국원자력의학원,,37.62950897,127.08103943,0,0,1089
1089,노원구,ST-2081,02915,서울과학기술대학교(어학교육원),2915.서울과학기술대학교(어학교육원),35,서울특별시 노원구 공릉로58길 130 서울과학기술대학교 생활관,,37.63489914,127.07767487,0,0,1090
1090,노원구,ST-2082,02916,서울과학기술대학교(파워플랜트),2916.서울과학기술대학교(파워플랜트),15,서울특별시 노원구 공릉로 232 서울과학기술대학교,,37.63354874,127.07911682,0,0,1091
1091,노원구,ST-2083,02917,신창중학교 후문 맞은편 버스정류장,2917.신창중학교 후문 맞은편 버스정류장,10,서울특별시 노원구 월계동 855-26,,37.62807083,127.04692078,0,0,1092
1092,노원구,ST-2084,02918,골마을 근린공원,2918.골마을 근린공원 ,18,서울특별시 노원구 한글비석로 107,,37.63893127,127.07378387,0,0,1093
1093,노원구,ST-2085,02919,등나무 근린공원(시립북서울미술관 앞),2919.등나무 근린공원(시립북서울미술관 앞) ,16,서울특별시 노원구 동일로204길 13 노원평생학습관,,37.64020538,127.06761932,0,0,1094
1094,노원구,ST-2086,02920,상계중학교(당현2교사거리),2920.상계중학교(당현2교사거리),14,서울특별시 노원구 상계동 225-5,,37.65103531,127.06871033,0,0,1095
1095,노원구,ST-2087,02921,중계역 2번출구,2921.중계역 2번출구,10,서울특별시 노원구 덕릉로 553 민정학원,,37.64587021,127.06562042,0,0,1096
1096,도봉구,ST-2088,01743,창동19단지아파트 관리사무소앞,1743.창동19단지아파트 관리사무소앞,10,서울특별시 도봉구 노해로70길 37 주공19단지아파트,,37.65039062,127.05219269,0,0,1097
1097,도봉구,ST-2089,01744,도봉소방서 옆,1744.도봉소방서 옆,15,서울특별시 도봉구 도봉로 678 홈플러스데스코㈜방학점,,37.66480255,127.04302979,0,0,1098
1098,마포구,ST-209,00152,마포구민체육센터 앞,152. 마포구민체육센터 앞,27,서울특별시 마포구 월드컵로25길 202,,37.55632401,126.89709473,0,0,1099
1099,도봉구,ST-2090,01745,바로선병원 앞,1745.바로선병원 앞,0,서울특별시 도봉구 도봉로 628 바로선병원,,37.66029358,127.04192352,0,0,1100
1100,도봉구,ST-2091,01746,방학남부역 버스정류장,1746. 방학남부역 버스정류장,10,서울특별시 도봉구 도봉로 696,,37.66659546,127.04336548,0,0,1101
1101,도봉구,ST-2092,01747,창동19단지아파트 관리사무소 앞,1747. 창동19단지아파트 관리사무소 앞,0,서울특별시 도봉구 노해로70길 37 주공19단지아파트,,37.65040588,127.05220032,0,0,1102
1102,도봉구,ST-2093,01748,방학역 1번출구,1748. 방학역 1번출구,3,서울특별시 도봉구 도봉로 724,,37.66898346,127.04376221,0,0,1103
1103,도봉구,ST-2094,01749,ESA아파트 상가 앞,1749. ESA아파트 상가 앞,10,서울특별시 도봉구 도봉로150길 43 ESA 아파트,,37.66627121,127.04598999,0,0,1104
1104,도봉구,ST-2095,01750,창포원 남쪽 입구,1750. 창포원 남쪽 입구,12,서울특별시 도봉구 마들로 916 방문자센터,,37.68826675,127.04889679,0,0,1105
1105,도봉구,ST-2096,01751,창원초등학교 교차로,1751. 창원초등학교 교차로,15,서울특별시 도봉구 해등로12길 44 주공2단지아파트,,37.65212250,127.04170227,0,0,1106
1106,도봉구,ST-2097,01752,창동 주공 4단지 입구 옆,1752. 창동 주공 4단지 입구 옆,6,서울특별시 도봉구 덕릉로 357 주공4단지아파트,,37.64548111,127.04857635,0,0,1107
1107,도봉구,ST-2098,01753,창동 현대2차아파트(209동),1753.창동 현대2차아파트(209동),10,서울특별시 도봉구 창동 744-17,,37.66156006,127.04722595,0,0,1108
1108,도봉구,ST-2099,01754,창동시장입구 사거리,1754. 창동시장입구 사거리,11,서울특별시 도봉구 도봉로 461 우림빌딩,,37.64689636,127.03343201,0,0,1109
1109,마포구,ST-21,00119,서강나루 공원,119. 서강나루 공원,10,서울특별시 마포구 구수동 68-18,,37.54520798,126.93146515,0,0,1110
1110,마포구,ST-210,00153,성산2교 사거리,153. 성산2교 사거리,10,서울특별시 마포구 성산동 54-17,성산2교 사거리,37.56469727,126.91261292,0,0,1111
1111,도봉구,ST-2100,01755,롯데칠성음료 앞,1755. 롯데칠성음료 앞,20,서울특별시 도봉구 도봉로110다길 70 롯데칠성음료㈜북부지점,,37.64370346,127.03204346,0,0,1112
1112,도봉구,ST-2101,01756,서울북부광역등기국,1756.서울북부광역등기국,10,서울특별시 도봉구 노해로 325 서울북부지방법원등기국,,37.65148544,127.04431915,0,0,1113
1113,도봉구,ST-2102,01757,솔밭공원역 1번출구 앞,1757.솔밭공원역 1번출구 앞,10,서울특별시 도봉구 삼양로 590,,37.65568542,127.01338196,0,0,1114
1114,도봉구,ST-2103,01758,솔밭공원역 1번출구 주변,1758.솔밭공원역 1번출구 주변,10,서울특별시 도봉구 삼양로 610 산수디앤씨,,37.65727997,127.01375580,0,0,1115
1115,도봉구,ST-2104,01759,서울북부지방법원 앞,1759.서울북부지방법원 앞,10,서울특별시 도봉구 마들로 749 서울북부지방법원,,37.67721939,127.04863739,0,0,1116
1116,도봉구,ST-2105,01760,다락원체육공원 입구,1760.다락원체육공원 입구,20,서울특별시 도봉구 마들로 932 평화문화진지,,37.69232178,127.04839325,0,0,1117
1117,도봉구,ST-2106,01761,방학중학교 앞,1761.방학중학교 앞,10,서울특별시 도봉구 시루봉로 188 방학중학교,,37.66562271,127.03108978,0,0,1118
1118,도봉구,ST-2107,01762,북한산 한신휴플러스APT앞,1762.북한산 한신휴플러스APT앞,25,서울특별시 도봉구 도봉로136가길 73 북한산한신휴플러스아파트,,37.65533829,127.04241943,0,0,1119
1119,도봉구,ST-2108,01763,쌍문역 3번 출구 주변,1763.쌍문역 3번 출구 주변,0,서울특별시 도봉구 쌍문동 83-7,,37.64684677,127.03341675,0,0,1120
1120,도봉구,ST-2109,01764,쌍문역 1번출구 주변,1764.쌍문역 1번출구 주변,10,서울특별시 도봉구 도봉로 492,,37.64929581,127.03540039,0,0,1121
1121,마포구,ST-211,00154,마포구청역,154. 마포구청역 ,13,서울특별시 마포구 망원동 477-23,마포구청역 ,37.56090927,126.90549469,0,0,1122
1122,도봉구,ST-2110,01765,쌍문역 1번출구 주변,1765.쌍문역 1번출구 주변,13,서울특별시 도봉구 도봉로 496,,37.64966965,127.03561401,0,0,1123
1123,도봉구,ST-2111,01766,소피아 관광호텔 앞,1766.소피아 관광호텔 앞,8,서울특별시 도봉구 쌍문동 83-4,,37.65107727,127.03591156,0,0,1124
1124,도봉구,ST-2112,01767,방학초등학교 앞,1767.방학초등학교 앞,10,서울특별시 도봉구 방학동 726-127,,37.66250992,127.03327942,0,0,1125
1125,도봉구,ST-2113,01768,신동아타워 버스정류소,1768.신동아타워 버스정류소,8,서울특별시 도봉구 방학로 210 신동아타워아파트,,37.66208267,127.02874756,0,0,1126
1126,도봉구,ST-2114,01769,신동아아파트 교차로,1769.신동아아파트 교차로,10,서울특별시 도봉구 방학로 216,,37.66200256,127.02806854,0,0,1127
1127,도봉구,ST-2115,01770,도봉한신아파트 주변,1770.도봉한신아파트 주변,15,서울특별시 도봉구 도봉동 646-1,,37.68473816,127.05004120,0,0,1128
1128,도봉구,ST-2116,01771,성원APT버스정류소,1771.성원APT버스정류소,15,서울특별시 도봉구 해등로 242-18 현대아파트,,37.65796661,127.03009033,0,0,1129
1129,도봉구,ST-2117,01772,시립도봉노인복지관 버스정류소,1772.시립도봉노인복지관 버스정류소,13,서울특별시 도봉구 쌍문동 45-13,,37.65805054,127.03575897,0,0,1130
1130,도봉구,ST-2118,01773,도봉구민회관 버스정류소,1773.도봉구민회관 버스정류소,10,서울특별시 도봉구 쌍문동 635,,37.65504456,127.03829956,0,0,1131
1131,도봉구,ST-2119,01774,정의여중고 버스정류소,1774.정의여중고 버스정류소,8,서울특별시 도봉구 쌍문동 83-2,,37.65134811,127.03472900,0,0,1132
1132,마포구,ST-212,00155,가좌역1 번출구 앞,155. 가좌역1 번출구 앞,15,서울특별시 마포구 성암로 28 가좌행복주택,,37.56829453,126.91504669,0,0,1133
1133,도봉구,ST-2120,01775,신원리베르텔 앞,1775.신원리베르텔 앞,15,서울특별시 도봉구 창동 339,,37.65128708,127.04554749,0,0,1134
1134,도봉구,ST-2121,01776,신방학파출소(31동앞),1776.신방학파출소(31동앞),0,서울특별시 도봉구 방학동 498-1,,37.65861893,127.02635956,0,0,1135
1135,강북구,ST-2122,01549,번동 주공2단지 아파트 관리동옆,1549.번동 주공2단지 아파트 관리동옆,0,서울특별시 강북구 한천로105길 24 번동2단지주공아파트,,37.62654114,127.04519653,0,0,1136
1136,강북구,ST-2123,01550,삼각산아이원아파트(105동 옆),1550.삼각산아이원아파트(105동 옆),10,서울특별시 강북구 삼양로19길 113 삼각산아이원아파트,,37.61522293,127.01850891,0,0,1137
1137,강북구,ST-2124,01551,419탑 앞,1551.4.19탑 앞,8,서울특별시 강북구 수유동 567-55,,37.64686203,127.00881195,0,0,1138
1138,강북구,ST-2125,01552,강북구청사거리,1552. 강북구청사거리,8,서울특별시 강북구 도봉로 358 코스타타워,,37.63920212,127.02723694,0,0,1139
1139,강북구,ST-2126,01553,서울북부고용노동지청,1553.서울북부고용노동지청,15,서울특별시 강북구 덕릉로 176 예수그리스도 후기성도교회,,37.63520432,127.03396606,0,0,1140
1140,강북구,ST-2127,01554,번동사거리,1554.번동사거리,10,서울특별시 강북구 번동 430-76,,37.63539124,127.03455353,0,0,1141
1141,강북구,ST-2128,01555,서울현대병원 옆,1555.서울현대병원 옆,0,서울특별시 강북구 도봉로 384-1 구두수선대-14,,37.64043808,127.02851868,0,0,1142
1142,강북구,ST-2129,01557,신창교,1557.신창교,10,서울특별시 강북구 번동 612-3,,37.63238144,127.03930664,0,0,1143
1143,마포구,ST-213,00156,서울서부지방법원 앞,156. 서울서부지방법원 앞,10,서울특별시 마포구 공덕동 105-259,,37.54933167,126.95491791,0,0,1144
1144,강북구,ST-2130,01558,강북문화정보도서관,1558.강북문화정보도서관,10,서울특별시 강북구 번동 139-5,,37.62552643,127.03732300,0,0,1145
1145,강북구,ST-2131,01559,삼각산분수대,1559.삼각산분수대,0,서울특별시 강북구 미아동 860-127,,37.61661148,127.03026581,0,0,1146
1146,강북구,ST-2132,01560,도봉세무서 앞,1560. 도봉세무서 앞,10,서울특별시 강북구 도봉로 117 도봉세무서,,37.61980820,127.02852631,0,0,1147
1147,강북구,ST-2133,01564,419민주묘지역 1번출구,1564.4.19민주묘지역 1번출구,7,서울특별시 강북구 삼양로 522,,37.64959717,127.01384735,0,0,1148
1148,강북구,ST-2134,01565,수유사거리,1565.수유사거리,15,서울특별시 강북구 수유동 45-33,,37.63561249,127.02299500,0,0,1149
1149,강북구,ST-2135,01566,삼각산 아이언APT앞,1566.삼각산 아이언APT앞,15,서울특별시 강북구 삼양로19길 113 삼각산아이원아파트,,37.61651611,127.01837158,0,0,1150
1150,강북구,ST-2136,01568,419민주묘지 입구사거리,1568.4.19민주묘지 입구사거리,10,서울특별시 강북구 삼양로 504 광리빌딩,,37.64793396,127.01457214,0,0,1151
1151,강북구,ST-2137,01569,수유역2번출구,1569.수유역2번출구,10,서울특별시 강북구 도봉로 342,,37.63796997,127.02590179,0,0,1152
1152,마포구,ST-214,00157,애오개역 4번출구 앞,157. 애오개역 4번출구 앞,12,서울특별시 마포구 아현동 607-1,애오개역 4번출구 앞,37.55300140,126.95668793,0,0,1153
1153,마포구,ST-2146,00487,신석초교앞 교차로 교통섬,487.신석초교앞 교차로 교통섬,15,서울특별시 마포구 용강동 494-6,,37.54364014,126.93830872,0,0,1154
1154,마포구,ST-2147,00488,푸르메병원,488.푸르메병원,10,서울특별시 마포구 월드컵북로 494 푸르메재단넥슨어린이재활병원,,37.58456802,126.88021088,0,0,1155
1155,마포구,ST-2148,00489,구룡근린공원,489.구룡근린공원,10,서울특별시 마포구 월드컵북로 456,,37.58320236,126.88276672,0,0,1156
1156,마포구,ST-2149,00490,가온문화공원,490.가온문화공원,23,서울특별시 마포구 상암동 1594,,37.58207703,126.88766479,0,0,1157
1157,서대문구,ST-215,00158,독립문 어린이 공원,158. 독립문 어린이 공원,15,서울특별시 서대문구 영천동 259-1,독립문 어린이 공원,37.57125854,126.96047974,0,0,1158
1158,마포구,ST-2150,00491,월드컵파크 4단지,491.월드컵파크 4단지,10,서울특별시 마포구 상암동 1761,,37.57597733,126.88806915,0,0,1159
1159,마포구,ST-2151,00492,성산시영아파트 후문,492.성산시영아파트 후문,10,서울특별시 마포구 월드컵북로 260 성산시영아파트,,37.57313538,126.90184784,0,0,1160
1160,마포구,ST-2152,00493,홍대입구역 6번출구,493.홍대입구역 6번출구,7,서울특별시 마포구 동교동 190-66,,37.55657578,126.92885590,0,0,1161
1161,마포구,ST-2153,00494,신수동주민센터,494.신수동주민센터,5,서울특별시 마포구 독막로 192 신수동주민센터,,37.54724503,126.93502808,0,0,1162
1162,마포구,ST-2154,00495,염리초등학교 앞,495.염리초등학교 앞,10,서울특별시 마포구 토정로37길 46 정우빌딩,,37.54243088,126.94699860,0,0,1163
1163,마포구,ST-2155,00496,마포아트센터 앞,496.마포아트센터 앞,15,서울특별시 마포구 대흥동 30-2,,37.55030823,126.94618988,0,0,1164
1164,마포구,ST-2156,00497,합정동주민센터 앞,497.합정동주민센터 앞,25,서울특별시 마포구 합정동 473-2,,37.55175400,126.91230011,0,0,1165
1165,마포구,ST-2157,00498,연남동주민센터 앞,498.연남동주민센터 앞,10,서울특별시 마포구 성미산로29길 17-3 은행나무어린이공원 화장실,,37.56465149,126.92212677,0,0,1166
1166,마포구,ST-2158,00499,경의선공원 앞(연남동),499.경의선공원 앞(연남동),15,서울특별시 마포구 연남동 375,,37.56183243,126.92311859,0,0,1167
1167,마포구,ST-2159,03001,마포구청역 3번출구,3001.마포구청역 3번출구,10,서울특별시 마포구 성산동 266-27,,37.56300354,126.90469360,0,0,1168
1168,서대문구,ST-216,00159,이대역 4번 출구,159. 이대역 4번 출구,5,서울특별시 서대문구 대현동 60-11,이대역 4번 출구,37.55695343,126.94634247,0,0,1169
1169,마포구,ST-2160,03002,벽산상암스마트큐브,3002.벽산상암스마트큐브 ,10,서울특별시 마포구 성산동 594,,37.56504440,126.90360260,0,0,1170
1170,마포구,ST-2161,03003,래미안신공덕3차아파트,3003.래미안신공덕3차아파트,5,서울특별시 마포구 만리재로 60 신공덕3차삼성래미안아파트,,37.54554749,126.95679474,0,0,1171
1171,마포구,ST-2162,03004,마포자이3차아파트,3004.마포자이3차아파트,10,서울특별시 마포구 염리동 27-72,,37.55076218,126.94935608,0,0,1172
1172,마포구,ST-2163,03005,마포구청 청사내,3005.마포구청 청사내,10,서울특별시 마포구 월드컵로36길 15 서부노인전문요양센터,,37.56624603,126.90218353,0,0,1173
1173,마포구,ST-2164,03006,상암월드컵파크5단지(상암중학교),3006. 상암월드컵파크5단지(상암중학교),10,서울특별시 마포구 상암동 1727,,37.57929993,126.88731384,0,0,1174
1174,마포구,ST-2165,03007,MBC 앞,3007.MBC 앞,10,서울특별시 마포구 상암동 1695,,37.58198166,126.89044952,0,0,1175
1175,마포구,ST-2166,03008,DMC역7번출구,3008.DMC역7번출구,10,서울특별시 마포구 상암동 1133,,37.57711411,126.89836121,0,0,1176
1176,마포구,ST-2167,03009,홍대입구역 사거리,3009. 홍대입구역 사거리,10,서울특별시 마포구 월드컵북로 9-1,,37.55583954,126.92043304,0,0,1177
1177,마포구,ST-2168,03010,홍대입구역 3번출구,3010.홍대입구역 3번출구,15,서울특별시 마포구 동교동 155-6,,37.55829620,126.92538452,0,0,1178
1178,마포구,ST-2169,03011,경의선(노고산동),3011.경의선(노고산동),15,서울특별시 마포구 서강로 117,,37.55342865,126.93379211,0,0,1179
1179,서대문구,ST-217,00160,북아현동 가구거리,160. 북아현동 가구거리,13,서울특별시 서대문구 북아현동 251-78,아현동 가구거리,37.55754852,126.95938110,0,0,1180
1180,마포구,ST-2170,03012,래미안밤섬리베류아파트 앞,3012.래미안밤섬리베류아파트 앞,10,서울특별시 마포구 독막로20나길 21 래미안 밤섬리베뉴Ⅱ,,37.54603958,126.92672729,0,0,1181
1181,용산구,ST-2171,00847,국방부민원실옆,847. 국방부민원실옆,10,서울특별시 용산구 이태원로 22,,37.53452301,126.97750092,0,0,1182
1182,용산구,ST-2172,00848,삼각지12번 출구,848. 삼각지12번 출구,10,서울특별시 용산구 이태원로 29 전쟁기념관,,37.53488922,126.97562408,0,0,1183
1183,용산구,ST-2173,00849,삼각지 자이아파트,849. 삼각지 자이아파트,20,서울특별시 용산구 한강대로 205 용산파크자이,,37.53607941,126.97341919,0,0,1184
1184,용산구,ST-2174,00850,KCC용산월츠타워,850. KCC용산월츠타워 ,15,서울특별시 용산구 백범로90길 34 구두수선대,,37.53739929,126.96892548,0,0,1185
1185,용산구,ST-2175,00851,효창 푸르지오 앞,851.효창 푸르지오 앞,10,서울특별시 용산구 백범로 260 효창파크 푸르지오,,37.54047775,126.95811462,0,0,1186
1186,용산구,ST-2176,00852,청암자이아파트 앞,852. 청암자이아파트 앞,30,서울특별시 용산구 삼개로 60 천년명가 청암자이,,37.53452682,126.94718170,0,0,1187
1187,용산구,ST-2177,00853,용산역 맞은편,853.용산역 맞은편,19,서울특별시 용산구 한강로2가 408-5,,37.52848816,126.96584320,0,0,1188
1188,용산구,ST-2178,00854,HID 유족동지회 앞,854.HID 유족동지회 앞,10,서울특별시 용산구 이태원로 267 베이지,,37.53850937,127.00148010,0,0,1189
1189,용산구,ST-2179,00855,이촌역5번출구 앞,855.이촌역5번출구 앞,10,서울특별시 용산구 서빙고로 83 4호선 이촌역,,37.52272415,126.97277069,0,0,1190
1190,서대문구,ST-218,00161,무악재역1번 출구,161. 무악재역1번 출구,8,서울특별시 서대문구 통일로 380-4,무악재역1번 출구,37.58224487,126.95064545,0,0,1191
1191,용산구,ST-2180,00856,한강진역3번출구,856.한강진역3번출구,0,서울특별시 용산구 이태원로 280,,37.53968811,127.00199127,0,0,1192
1192,용산구,ST-2181,00857,현대 안성타워,857. 현대 안성타워,10,서울특별시 용산구 이태원로 217 현대안성타워,,37.53508759,126.99797058,0,0,1193
1193,용산구,ST-2182,00858,녹사평역3번 출구,858.녹사평역3번 출구,10,서울특별시 용산구 용산동4가 10-4,,37.53440857,126.98689270,0,0,1194
1194,용산구,ST-2183,00859,남산공원 야외식물원 앞,859.남산공원 야외식물원 앞,10,서울특별시 용산구 이태원동 259-16,,37.54188538,126.99586487,0,0,1195
1195,용산구,ST-2184,00860,LG한강 자이아파트 앞,860.LG한강 자이아파트 앞,22,서울특별시 용산구 이촌동 429,,37.52074814,126.97082520,0,0,1196
1196,용산구,ST-2185,00861,삼익상가 앞,861.삼익상가 앞,0,서울특별시 용산구 이촌로 264 삼익아파트,,37.51916504,126.97589874,0,0,1197
1197,용산구,ST-2186,00862,원효아파트,862.원효아파트,0,서울특별시 용산구 원효로 166 원효아파트,,37.53512192,126.96156311,0,0,1198
1198,용산구,ST-2187,00863,이촌역2번 출구,863.이촌역2번 출구,10,서울특별시 용산구 용산동5가 17,,37.52177048,126.97700500,0,0,1199
1199,용산구,ST-2188,00864,순천향대학병원(한남오거리),864.순천향대학병원(한남오거리),10,서울특별시 용산구 한남동 704-11,,37.53514099,127.00600433,0,0,1200
1200,용산구,ST-2189,00865,하얏트호텔 앞,865.하얏트호텔 앞,10,서울특별시 용산구 한남동 산10-138,,37.54079437,126.99784851,0,0,1201
1201,서대문구,ST-219,00162,봉원고가차도 밑,162. 봉원고가차도 밑,15,서울특별시 서대문구 대신동 143-1,,37.56626129,126.94667053,0,0,1202
1202,용산구,ST-2190,00866,브라운스톤 남산아파트,866.브라운스톤 남산아파트,10,서울특별시 용산구 후암로 65 브라운스톤 남산아파트,,37.55154800,126.97686005,0,0,1203
1203,용산구,ST-2191,00867,서빙고역 광장(1번출구),867.서빙고역 광장(1번출구),10,서울특별시 용산구 서빙고동 241-37,,37.51990891,126.98923492,0,0,1204
1204,용산구,ST-2192,00868,롯데하이마트 용산점 앞,868.롯데하이마트 용산점 앞,12,서울특별시 용산구 원효로 208,,37.53722000,126.96501923,0,0,1205
1205,서대문구,ST-2193,03108,서울홍성교회,3108.서울홍성교회,10,서울특별시 서대문구 포방터길 28 홍성교회,,37.59805679,126.94924927,0,0,1206
1206,서대문구,ST-2194,03109,북한산더샾 106동 앞,3109.북한산더샾 106동 앞,10,서울특별시 서대문구 홍은동 464-7,,37.59293365,126.94129181,0,0,1207
1207,서대문구,ST-2195,03110,홍은 현대아이파크 아파트 202동 앞,3110.홍은 현대아이파크 아파트 202동 앞,15,서울특별시 서대문구 연희로41길 4 현대상가,,37.58928299,126.93694305,0,0,1208
1208,서대문구,ST-2196,03111,무악재역 4번 출구,3111.무악재역 4번 출구,10,서울특별시 서대문구 통일로 357 무악재한화아파트,,37.58221054,126.95016479,0,0,1209
1209,서대문구,ST-2197,03112,독립문역 5번 출구,3112.독립문역 5번 출구,9,서울특별시 서대문구 통일로 247 독립문역,,37.57386017,126.95829773,0,0,1210
1210,서대문구,ST-2198,03114,충정로역 3번 출구,3114.충정로역 3번 출구,7,서울특별시 서대문구 합동 31-16,,37.56046295,126.96552277,0,0,1211
1211,서대문구,ST-2199,03113,독립문 앞,3113. 독립문 앞,15,서울특별시 서대문구 현저동 941,,37.57220459,126.95974731,0,0,1212
1212,마포구,ST-22,00120,신수동 사거리,120. 신수동 사거리,5,서울특별시 마포구 토정로 211,371-11,37.54524231,126.93411255,0,0,1213
1213,서대문구,ST-220,00163,명지전문대학교 정문 앞,163. 명지전문대학교 정문 앞,6,서울특별시 서대문구 홍은동 산25-3,명지전문대학교 정문 앞,37.58369827,126.92496490,0,0,1214
1214,서대문구,ST-2200,03115,북아현 치안센터 인근,3115.북아현 치안센터 인근,20,서울특별시 서대문구 북아현동 1016-2,,37.56145477,126.95574951,0,0,1215
1215,서대문구,ST-2201,03116,신촌역 4번출구,3116.신촌역 4번출구,10,서울특별시 서대문구 신촌로 103-2,,37.55550385,126.93720245,0,0,1216
1216,서대문구,ST-2202,03117,이화여대 인문관 인근,3117.이화여대 인문관 인근,10,서울특별시 서대문구 성산로 520 이화여자대학교 부속 중학교,,37.56406784,126.94532776,0,0,1217
1217,서대문구,ST-2203,03118,연대 정문앞,3118.연대 정문앞,15,서울특별시 서대문구 신촌동 116-63,,37.56026459,126.93645477,0,0,1218
1218,서대문구,ST-2204,03119,연희 브라운스톤 아파트 앞,3119.연희 브라운스톤 아파트 앞,10,서울특별시 서대문구 연희로 78 SK삼보주유소,,37.56519699,126.92985535,0,0,1219
1219,서대문구,ST-2205,03120,DMC엘가아파트 앞,3120.DMC엘가아파트 앞,12,서울특별시 서대문구 남가좌동 105-4,,37.56983566,126.91809082,0,0,1220
1220,서대문구,ST-2206,03121,가좌삼거리,3121.가좌삼거리,15,서울특별시 서대문구 북가좌동 487-1,,37.57065201,126.91298676,0,0,1221
1221,서대문구,ST-2207,03122,북가좌삼거리2,3122.북가좌삼거리2,20,서울특별시 서대문구 북가좌동 474-2,,37.57428360,126.90646362,0,0,1222
1222,서대문구,ST-2208,03123,DMC파크뷰자이1단지 110동 앞,3123.DMC파크뷰자이1단지 110동 앞,30,서울특별시 서대문구 남가좌동 385-13,,37.57225418,126.91510010,0,0,1223
1223,서대문구,ST-2209,03124,DMC센트럴아이파크아파트,3124.DMC센트럴아이파크아파트,8,서울특별시 서대문구 남가좌동 388-3,,37.57812119,126.92175293,0,0,1224
1224,서대문구,ST-221,00164,북가좌1동 주민센터,164. 북가좌1동 주민센터 ,10,서울특별시 서대문구 북가좌동 477-1,북가좌1동 주민센터 ,37.57447815,126.91004944,0,0,1225
1225,서대문구,ST-2210,03125,연희파크푸르지오아파트 앞,3125.연희파크푸르지오아파트 앞,20,서울특별시 서대문구 연희동 747-3,,37.57564163,126.92782593,0,0,1226
1226,서대문구,ST-2211,03126,남가좌동 제2공영주차장,3126.남가좌동 제2공영주차장,10,서울특별시 서대문구 남가좌동 3-91,,37.58334351,126.92274475,0,0,1227
1227,서대문구,ST-2212,03127,홍은2파출소 옆,3127.홍은2파출소 옆,10,서울특별시 서대문구 홍은동 424-1,,37.58333588,126.93628693,0,0,1228
1228,서대문구,ST-2213,03128,동신병원 맞은편,3128.동신병원 맞은편,7,서울특별시 서대문구 홍은동 274-18,,37.58131790,126.93599701,0,0,1229
1229,서대문구,ST-2214,03129,DMC래미안e편한세상203동옆,3129.DMC래미안e편한세상203동옆,20,서울특별시 서대문구 수색로 100 DMC래미안e편한세상,,37.57626343,126.91132355,0,0,1230
1230,서대문구,ST-2215,03130,가재울사거리,3130.가재울사거리,20,서울특별시 서대문구 남가좌동 385-16,,37.57455063,126.91826630,0,0,1231
1231,서대문구,ST-2216,03131,연가교 교차로,3131.연가교 교차로,15,서울특별시 서대문구 남가좌동 385-7,,37.57215881,126.92118835,0,0,1232
1232,서대문구,ST-2217,03132,홍제교,3132.홍제교,10,서울특별시 서대문구 홍제동 295-33,,37.59186172,126.94421387,0,0,1233
1233,서대문구,ST-2218,03133,핀란드 타워앞,3133.핀란드 타워앞,18,서울특별시 서대문구 신촌로 185-2,,37.55711365,126.94881439,0,0,1234
1234,서대문구,ST-2219,03134,SK리쳄블(서울아리수본부),3134.SK리쳄블(서울아리수본부),10,서울특별시 서대문구 서소문로 45 SK리쳄블,,37.56131744,126.96658325,0,0,1235
1235,서대문구,ST-222,00165,중앙근린공원,165. 중앙근린공원,20,서울특별시 서대문구 북가좌동 470-1,모래내 우체국,37.57513809,126.91394043,0,0,1236
1236,성북구,ST-2220,01378,길음뉴타운푸르지오아파트 2단지,1378.길음뉴타운푸르지오아파트 2단지,0,서울특별시 성북구 길음로 119 길음뉴타운,,37.61219025,127.01622009,0,0,1237
1237,성북구,ST-2221,01379,길음뉴타운푸르지오아파트 3단지,1379.길음뉴타운푸르지오아파트 3단지,10,서울특별시 성북구 길음동 1280-5,,37.60929489,127.01847839,0,0,1238
1238,성북구,ST-2222,01380,월곡역 5번출구 앞,1380.월곡역 5번출구 앞,10,서울특별시 성북구 하월곡동 96-248,,37.60108566,127.04123688,0,0,1239
1239,성북구,ST-2223,01381,석계역 4번출구 뒤,1381.석계역 4번출구 뒤,18,서울특별시 성북구 석관동 375-97,,37.61478424,127.06700134,0,0,1240
1240,성북구,ST-2224,01383,성북동 주민센터 건너편,1383.성북동 주민센터 건너편,10,서울특별시 성북구 성북동 176-11,,37.59109497,127.00377655,0,0,1241
1241,성북구,ST-2225,01384,성신여대입구역 5번출구,1384.성신여대입구역 5번출구,13,서울특별시 성북구 동소문동6가 140-5,,37.59282684,127.01628876,0,0,1242
1242,성북구,ST-2226,01385,성신여대입구역 3번출구 앞,1385.성신여대입구역 3번출구 앞,10,서울특별시 성북구 동소문로 98 제일은행,,37.59236526,127.01628876,0,0,1243
1243,성북구,ST-2227,01386,동선고가차도 초입,1386.동선고가차도 초입,10,서울특별시 성북구 동소문로 130,,37.59415817,127.01896667,0,0,1244
1244,성북구,ST-2228,01387,길음역 5번 출구 앞,1387.길음역 5번 출구 앞,0,서울 성북구 동소문로 258,,37.60390854,127.02501678,0,0,1245
1245,성북구,ST-2229,01388,돈암초교입구 버스정류장(한성대입구역 방면),1388. 돈암초교입구 버스정류장(한성대입구역 방면),10,서울특별시 성북구 동소문동3가 66-1,,37.59088135,127.01170349,0,0,1246
1246,서대문구,ST-223,00166,가재울 초등학교,166. 가재울 초등학교,20,서울특별시 서대문구 남가좌동 385-16,,37.57381821,126.91923523,0,0,1247
1247,성북구,ST-2230,01389,고려대학교 생명과학대학 입구,1389.고려대학교 생명과학대학 입구,0,서울특별시 성북구 고려대로 76,,37.58612061,127.02761078,0,0,1248
1248,성북구,ST-2231,01390,석관래미안아트리치,1390.석관래미안아트리치,10,서울특별시 성북구 석관동 323-2,,37.60646057,127.06162262,0,0,1249
1249,성북구,ST-2232,01391,성북청소년센터,1391.성북청소년센터,10,서울특별시 성북구 장위로 189 천미빌딩,,37.61688232,127.05606842,0,0,1250
1250,성북구,ST-2233,01392,돈암삼성풍림아파트,1392.돈암삼성풍림아파트,10,서울특별시 성북구 돈암동 632-6,,37.59709930,127.02262878,0,0,1251
1251,성북구,ST-2234,01393,돈암육교 하단,1393.돈암육교 하단,10,서울특별시 성북구 돈암동 48-93,,37.59818268,127.02117920,0,0,1252
1252,성북구,ST-2235,01394,길음뉴타운 래미안9단지,1394.길음뉴타운 래미안9단지,10,서울특별시 성북구 정릉로 325-1,,37.60242462,127.01998138,0,0,1253
1253,성북구,ST-2236,01395,래미안장위포레카운티(102동),1395.래미안장위포레카운티(102동),20,서울특별시 성북구 장위동 143-12,,37.61817932,127.05183411,0,0,1254
1254,성북구,ST-2237,01396,래미안장위퍼스트하이(513동),1396.래미안장위퍼스트하이(513동),30,서울특별시 성북구 장위동 201-6,,37.61844254,127.05145264,0,0,1255
1255,성북구,ST-2238,01397,래미안월곡아파트 (창문여고 건너편),1397.래미안월곡아파트 (창문여고 건너편),10,서울특별시 성북구 오패산로 90 래미안월곡아파트,,37.61210251,127.03659058,0,0,1256
1256,용산구,ST-2239,00869,노들섬 동측 앞,869.노들섬 동측 앞,10,서울특별시 용산구 이촌동 303-8,,37.51729584,126.95914459,0,0,1257
1257,서대문구,ST-224,00167,연가초등학교 옆,167. 연가초등학교 옆,15,서울특별시 서대문구 북가좌동 70-119,연가초등학교 옆,37.57946014,126.91712952,0,0,1258
1258,용산구,ST-2240,00870,노들섬 서측 앞,870.노들섬 서측 앞,10,서울특별시 용산구 이촌동 304-11,,37.51731873,126.95829773,0,0,1259
1259,은평구,ST-2241,00973,제각말푸르지오 5-1단지 아파트,973.제각말푸르지오 5-1단지 아파트,10,서울특별시 은평구 진관동 136-45,,37.63734818,126.93584442,0,0,1260
1260,은평구,ST-2242,00974,연신초등학교옆 마을마당,974.연신초등학교옆 마을마당,10,서울특별시 은평구 불광동 70-1,,37.62672043,126.92901611,0,0,1261
1261,은평구,ST-2243,00975,백련산 힐스테이트상가앞,975.백련산 힐스테이트상가앞,10,서울특별시 은평구 백련산로 38 백련산 힐스테이트 2차,,37.59036255,126.92301178,0,0,1262
1262,은평구,ST-2244,00976,진관고등학교앞,976.진관고등학교앞,10,서울특별시 은평구 진관4로 26 진관고등학교,,37.64350891,126.92410278,0,0,1263
1263,은평구,ST-2245,00977,신도중학교앞,977.신도중학교앞,10,서울특별시 은평구 진관동 148-31,,37.63310242,126.93150330,0,0,1264
1264,은평구,ST-2246,00978,녹번 힐스테이트상가앞,978.녹번 힐스테이트상가앞,10,서울특별시 은평구 통일로 602-1 지하철3호선 녹번역,,37.60100937,126.93592834,0,0,1265
1265,은평구,ST-2247,00979,원풍빌라앞,979.원풍빌라앞,10,서울특별시 은평구 신사동 178-9,,37.59186172,126.90608215,0,0,1266
1266,은평구,ST-2248,00980,수색동 주민센터 앞,980.수색동 주민센터 앞,0,서울특별시 은평구 수색동 387-3,,37.58333206,126.89376068,0,0,1267
1267,은평구,ST-2249,00981,은평우체국앞,981.은평우체국앞,15,서울특별시 은평구 진관2로 29-8 서울은평우체국,,37.63515091,126.92047882,0,0,1268
1268,은평구,ST-2250,00982,녹번초등학교(서오릉로),982. 녹번초등학교(서오릉로),10,서울특별시 은평구 녹번동 81-27,,37.60412598,126.92508698,0,0,1269
1269,은평구,ST-2251,00983,은뜨락 행복주택앞,983.은뜨락 행복주택앞,0,서울특별시 은평구 진관동 산110-28,,37.63003922,126.91903687,0,0,1270
1270,은평구,ST-2252,00984,상신초등학교앞 버스정류장,984.상신초등학교앞 버스정류장,9,서울특별시 은평구 가좌로 316 상신교회,,37.59580994,126.91026306,0,0,1271
1271,은평구,ST-2253,00985,은평세무서 버스정류장(은평구청 방면),985. 은평세무서 버스정류장(은평구청 방면),10,서울특별시 은평구 은평로 170 상현빌딩,,37.60119247,126.92638397,0,0,1272
1272,은평구,ST-2254,00986,불광미성아파트 주차장앞,986.불광미성아파트 주차장앞,20,서울특별시 은평구 통일로 780 미성아파트,,37.61440277,126.92679596,0,0,1273
1273,은평구,ST-2255,00987,콜핑 연신내점앞,987.콜핑 연신내점앞,10,서울특별시 은평구 연서로 298,,37.62203979,126.92700958,0,0,1274
1274,은평구,ST-2256,00988,은평뉴타운 우물골2단지(제2경로당),988.은평뉴타운 우물골2단지(제2경로당),20,서울특별시 은평구 진관동 81-2,,37.63425446,126.92719269,0,0,1275
1275,은평구,ST-2257,00989,신응교(가좌로) 앞,989. 신응교(가좌로) 앞,10,서울특별시 은평구 가좌로 255,,37.59181213,126.91483307,0,0,1276
1276,은평구,ST-2258,00990,이브자리 불광동지점,990.이브자리 불광동지점,16,서울특별시 은평구 불광동 484-81,,37.62083054,126.92026520,0,0,1277
1277,은평구,ST-2259,00991,흥국사 정류장,991.흥국사 정류장,10,서울특별시 은평구 진관동 298-2,,37.65676880,126.94200897,0,0,1278
1278,서대문구,ST-226,00169,북가좌 삼거리,169. 북가좌 삼거리,10,서울특별시 서대문구 북가좌동 400,북가좌 삼거리,37.57300186,126.90779877,0,0,1279
1279,은평구,ST-2260,00992,북한산입구 정류장,992.북한산입구 정류장,10,서울특별시 은평구 진관동 289,,37.65828705,126.94529724,0,0,1280
1280,은평구,ST-2261,00993,은평뉴타운 은뜨락아파트앞,993.은평뉴타운 은뜨락아파트앞,15,서울특별시 은평구 진관동 235-2,,37.63028717,126.91956329,0,0,1281
1281,은평구,ST-2262,00994,북한산생태공원입구(교통섬),994.북한산생태공원입구(교통섬),10,서울특별시 은평구 불광동 2-1,,37.61050797,126.93853760,0,0,1282
1282,은평구,ST-2263,00995,은평다목적체육관,995.은평다목적체육관,10,서울특별시 은평구 진관1로 52,,37.63140869,126.92540741,0,0,1283
1283,은평구,ST-2264,00996,응암역2번출구 국민은행 앞,996.응암역2번출구 국민은행 앞,10,서울특별시 은평구 연서로 9 센타폴리스,,37.59996796,126.91572571,0,0,1284
1284,동대문구,ST-2265,00665,이문동 쌍용아파트 정문,665.이문동 쌍용아파트 정문,11,서울특별시 동대문구 한천로58길 47 쌍용아파트,,37.59960556,127.06864166,0,0,1285
1285,동대문구,ST-2266,00666,이문대성유니드아파트 앞,666.이문대성유니드아파트 앞,20,서울특별시 동대문구 한천로58길 151 이문동대성유니드아파트,,37.60362244,127.07083130,0,0,1286
1286,동대문구,ST-2267,00667,청량차도 육교 밑,667.청량차도 육교 밑,7,서울특별시 동대문구 홍릉로 30-2 구두수선대,,37.58670807,127.04688263,0,0,1287
1287,동대문구,ST-2268,00668,서울축산농협(장안지점),668.서울축산농협(장안지점),10,서울특별시 동대문구 장한로 99-1 구두수선대,,37.56787109,127.06871796,0,0,1288
1288,동대문구,ST-2269,00669,청계한신휴플러스앞 삼거리,669.청계한신휴플러스앞 삼거리,10,서울특별시 동대문구 서울시립대로 14 청계한신휴플러스,,37.57214737,127.04460907,0,0,1289
1289,서대문구,ST-227,00170,DMC파크뷰자이아파트 302동 앞,170. DMC파크뷰자이아파트 302동 앞,10,서울특별시 서대문구 남가좌동 124,가재울 뉴타운 주유소 옆,37.57311249,126.92244720,0,0,1290
1290,동대문구,ST-2270,00670,삼육서울병원 버스정류장,670.삼육서울병원 버스정류장,9,서울특별시 동대문구 망우로 74,,37.58968735,127.06140900,0,0,1291
1291,동대문구,ST-2271,00671,대광빌딩,671.대광빌딩,10,서울특별시 동대문구 신설동 81-197,,37.57734299,127.02337646,0,0,1292
1292,동대문구,ST-2272,00672,대광고등학교,672.대광고등학교,17,서울특별시 동대문구 안암로 6 대광중고등학교,,37.57875061,127.02402496,0,0,1293
1293,동대문구,ST-2273,00673,안암골벽산아파트(후문),673.안암골벽산아파트(후문),10,서울특별시 동대문구 약령시로 25 안암골 벽산아파트,,37.58407974,127.03103638,0,0,1294
1294,동대문구,ST-2274,00674,고대앞사거리 교통섬,674.고대앞사거리 교통섬,15,서울특별시 성북구 안암동5가 40-11,,37.58655167,127.03314209,0,0,1295
1295,동대문구,ST-2275,00675,성복교회 앞 (장평교 아래),675.성복교회 앞 (장평교 아래),10,서울특별시 동대문구 장안동 481-3,,37.57202530,127.07700348,0,0,1296
1296,동대문구,ST-2276,00676,FITI시험연구원 앞,676.FITI시험연구원 앞,9,서울특별시 동대문구 제기동 891-2,,37.58143234,127.03547668,0,0,1297
1297,동대문구,ST-2277,00677,청량리역 4번 5번출구 사이,677.청량리역 4번 5번출구 사이,20,서울특별시 동대문구 왕산로 202-1 가로판매대,,37.58015060,127.04579926,0,0,1298
1298,동대문구,ST-2278,00678,장안힐스테이트(아) 앞,678.장안힐스테이트(아) 앞,21,서울특별시 동대문구 장안벚꽃로1길 7 장안 힐스테이트,,37.57655716,127.07431030,0,0,1299
1299,동대문구,ST-2279,00679,전농SK아파트 앞,679.전농SK아파트 앞,10,서울특별시 동대문구 사가정로 150,,37.57787704,127.06168365,0,0,1300
1300,서대문구,ST-228,00171,임광빌딩 앞,171. 임광빌딩 앞,10,서울특별시 서대문구 미근동 317-1,임광빌딩 앞,37.56472397,126.96727753,0,0,1301
1301,동대문구,ST-2280,00680,꿈마루어린이도서관 앞,680.꿈마루어린이도서관 앞,22,서울특별시 동대문구 이문동 346-131,,37.59238434,127.05741119,0,0,1302
1302,동대문구,ST-2281,00681,서울특별시 동부교육지원청(육교),681.서울특별시 동부교육지원청(육교),14,서울특별시 동대문구 전농로 168 서울동부교육지원청,,37.57983780,127.05637360,0,0,1303
1303,중랑구,ST-2282,01461,동양엔파트 앞,1461.동양엔파트 앞,12,서울특별시 중랑구 망우로 203 중화동주상복합,,37.59385300,127.07507324,0,0,1304
1304,중랑구,ST-2283,01462,동부시장 북문 앞,1462.동부시장 북문 앞,9,서울특별시 중랑구 망우로 214 우도빌딩,,37.59386826,127.07652283,0,0,1305
1305,중랑구,ST-2284,01463,중랑구민회관,1463.중랑구민회관,10,서울특별시 중랑구 면목로 238 중랑구민회관,,37.57407761,127.08500671,0,0,1306
1306,중랑구,ST-2285,01464,중화역 4번출구,1464.중화역 4번출구,15,서울특별시 중랑구 동일로 815,,37.60305405,127.07900238,0,0,1307
1307,중랑구,ST-2286,01465,중랑공영차고지 옆,1465.중랑공영차고지 옆,10,서울특별시 중랑구 신내동 63-8,,37.61314774,127.10514832,0,0,1308
1308,중랑구,ST-2287,01466,두산대림아파트 삼거리,1466.두산대림아파트 삼거리,10,서울특별시 중랑구 신내로23길 9 묵동근생빌딩,,37.61882401,127.08757019,0,0,1309
1309,중랑구,ST-2288,01467,sk신내 주유소앞(용마산로),1467.sk신내 주유소앞(용마산로),10,서울특별시 중랑구 신내동 353-2,,37.61362076,127.10115051,0,0,1310
1310,중랑구,ST-2289,01468,먹골역 7번 출구,1468.먹골역 7번 출구,6,서울특별시 중랑구 동일로 901 먹골역,,37.61147690,127.07739258,0,0,1311
1311,중랑구,ST-2290,01469,먹골역 4번출구,1469.먹골역 4번출구,20,서울특별시 중랑구 동일로 890,,37.60982132,127.07813263,0,0,1312
1312,중랑구,ST-2291,01470,중화동 우리은행 앞,1470.중화동 우리은행 앞,20,서울특별시 중랑구 동일로 837 우리은행,,37.60520172,127.07858276,0,0,1313
1313,중랑구,ST-2292,01471,동양쇼핑 정류소 앞,1471.동양쇼핑 정류소 앞,10,서울특별시 중랑구 묵동 190-2,,37.61535263,127.07849121,0,0,1314
1314,중랑구,ST-2293,01472,영성빌딩(PAT),1472.영성빌딩(PAT),8,서울특별시 중랑구 동일로 824 신성빌딩,,37.60408401,127.07923126,0,0,1315
1315,중랑구,ST-2294,01473,중랑역 1번 출구(중화문화복지센터),1473.중랑역 1번 출구(중화문화복지센터),10,서울특별시 중랑구 중화동 321-129,,37.59489059,127.07495117,0,0,1316
1316,중랑구,ST-2295,01474,서울중랑우체국,1474.서울중랑우체국,10,서울특별시 중랑구 망우로 271 서울중랑우체국,,37.59581375,127.08283997,0,0,1317
1317,중랑구,ST-2296,01475,보도 육교(타이어뱅크앞),1475.보도 육교(타이어뱅크앞),0,서울특별시 중랑구 상봉동 397-3,,37.59280014,127.08002472,0,0,1318
1318,중랑구,ST-2297,01476,중목초등학교 앞 육교,1476.중목초등학교 앞 육교,10,서울특별시 중랑구 동일로 665 중목초등학교,,37.58979416,127.07985687,0,0,1319
1319,중랑구,ST-2298,01477,면목삼익아파트 앞,1477.면목삼익아파트 앞,10,서울특별시 중랑구 동일로 501 면목삼익아파트,,37.57598495,127.07960510,0,0,1320
1320,중랑구,ST-2299,01478,홈플러스 상봉점 앞,1478.홈플러스 상봉점 앞,15,서울특별시 중랑구 상봉동 500-1,,37.59832764,127.09226990,0,0,1321
1321,마포구,ST-23,00121,마포소방서 앞,121. 마포소방서 앞,15,서울특별시 마포구 창전로 76,100-18,37.54976654,126.93317413,0,0,1322
1322,서대문구,ST-230,00173,서대문역 8번출구 앞,173. 서대문역 8번출구 앞,8,서울특별시 서대문구 충정로2가 138,서대문역 8번출구 앞,37.56477737,126.96614838,0,0,1323
1323,중랑구,ST-2300,01479,면목 홈플러스 2,1479.면목 홈플러스 2 ,10,서울특별시 중랑구 사가정로 326 중랑구 실향민협의회,,37.58105469,127.08209229,0,0,1324
1324,중랑구,ST-2301,01480,용마지구대 B,1480. 용마지구대 B,15,서울특별시 중랑구 동일로 566 중랑경찰서용마지구대,,37.58111191,127.08010101,0,0,1325
1325,광진구,ST-2302,03563,구의7단지현대아파트,3563.구의7단지현대아파트,5,서울특별시 광진구 구의강변로3가길 33 구의7단지조합현대아파트,,37.53680038,127.09083557,0,0,1326
1326,광진구,ST-2303,03564,나루마당,3564.나루마당,10,서울특별시 광진구 구의동 175-1,,37.54707336,127.09828949,0,0,1327
1327,광진구,ST-2304,03565,자전거 종합서비스센터,3565.자전거 종합서비스센터,0,서울특별시 광진구 광나루로56길 86 구의공원 공중화장실,,37.53691101,127.09405518,0,0,1328
1328,광진구,ST-2305,03566,우성4차아파트,3566.우성4차아파트,10,서울특별시 광진구 자양동 712,,37.53507233,127.07611084,0,0,1329
1329,광진구,ST-2306,03567,강변아이파크아파트,3567.강변아이파크아파트,0,서울특별시 광진구 뚝섬로36길 69,,37.53163147,127.06977081,0,0,1330
1330,광진구,ST-2307,03568,구의공원,3568.구의공원,0,서울특별시 광진구 강변역로 94-2 가로판매대 - 34,,37.53690338,127.09400940,0,0,1331
1331,광진구,ST-2308,03569,건대병원후문,3569.건대병원후문,12,서울특별시 광진구 화양동 4-1,,37.53956604,127.07244110,0,0,1332
1332,광진구,ST-2309,03570,구의역 리버비스타 오피스텔,3570.구의역 리버비스타 오피스텔,10,서울특별시 광진구 아차산로 417,,37.53809738,127.08901978,0,0,1333
1333,서대문구,ST-231,00175,홍연2교옆,175. 홍연2교옆,20,서울특별시 서대문구 모래내로 286 홍은2공중화장실,,37.57806778,126.93088531,0,0,1334
1334,광진구,ST-2310,03571,화양 APT(횡단보도 옆),3571.화양 APT(횡단보도 옆),15,서울특별시 광진구 화양동 24-33,,37.54434967,127.06540680,0,0,1335
1335,광진구,ST-2311,03572,중곡동 성당,3572.중곡동 성당,0,서울특별시 광진구 중곡동 165-9,,37.56314468,127.08261871,0,0,1336
1336,광진구,ST-2312,03573,광나루안전체험관,3573.광나루안전체험관,15,서울특별시 광진구 능동 18,,37.55133820,127.07671356,0,0,1337
1337,광진구,ST-2313,03574,진넥스 베르디옘,3574.진넥스 베르디옘,0,서울특별시 광진구 광나루로 604 진넥스 베르디엠,,37.54155350,127.09510803,0,0,1338
1338,광진구,ST-2314,03575,자양사거리(서원빌딩),3575. 자양사거리(서원빌딩),6,서울특별시 광진구 아차산로 360 서원빌딩,,37.53657532,127.08258057,0,0,1339
1339,광진구,ST-2315,03576,강변SK뷰 APT앞,3576.강변SK뷰 APT앞,0,서울특별시 광진구 구의동 245-7,,37.53817749,127.09090424,0,0,1340
1340,광진구,ST-2316,03577,신자초교 입구 교차로(SC제일은행),3577.신자초교 입구 교차로(SC제일은행),10,서울특별시 광진구 자양동 580-10,,37.53338623,127.07556915,0,0,1341
1341,광진구,ST-2317,03578,중곡동 파크웨이빌딩,3578.중곡동 파크웨이빌딩,9,서울특별시 광진구 천호대로 611,,37.55500793,127.08581543,0,0,1342
1342,광진구,ST-2318,03579,광진 캠퍼스시티,3579.광진 캠퍼스시티,20,서울특별시 광진구 화양동 21-62,,37.54788971,127.06745148,0,0,1343
1343,광진구,ST-2319,03580,세종대학교(대양AI센터),3580.세종대학교(대양AI센터),0,서울특별시 광진구 능동로 209 세종대학교,,37.55042648,127.07583618,0,0,1344
1344,서대문구,ST-232,00179,가좌역 4번출구 앞,179. 가좌역 4번출구 앞,14,서울특별시 서대문구 수색로 27 가좌역,,37.56877518,126.91529846,0,0,1345
1345,광진구,ST-2320,03581,광진광장,3581.광진광장,15,서울특별시 광진구 군자동 374-10,,37.54747009,127.07396698,0,0,1346
1346,광진구,ST-2321,03582,화양동 우체국,3582.화양동 우체국,14,서울특별시 광진구 화양동 18-39,,37.54798889,127.06950378,0,0,1347
1347,광진구,ST-2322,03583,아차산역 사거리,3583.아차산역 사거리,0,서울특별시 광진구 자양로 266,,37.54977417,127.09077454,0,0,1348
1348,광진구,ST-2323,03584,아차산역 삼거리,3584.아차산역 삼거리,0,서울특별시 광진구 천호대로 643 웨딩부띠크르블랑,,37.55355072,127.08885193,0,0,1349
1349,광진구,ST-2324,03585,광나루역 4번출구,3585.광나루역 4번출구,0,서울특별시 광진구 광장동 580-1,,37.54476929,127.10369110,0,0,1350
1350,광진구,ST-2325,03586,군자역 비채온 오피스텔,3586.군자역 비채온 오피스텔,8,서울특별시 광진구 군자동 473-26,,37.55771255,127.07727051,0,0,1351
1351,성동구,ST-2326,03544,한양대역 3번 출구,3544.한양대역 3번 출구,10,서울특별시 성동구 왕십리로 190-1 디자인노점,,37.55453873,127.04377747,0,0,1352
1352,성동구,ST-2327,03545,한양대역 1번출구,3545.한양대역 1번출구,10,서울특별시 성동구 행당동 33,,37.55657959,127.04335785,0,0,1353
1353,성동구,ST-2328,03546,한양대역 4번출구(덕수고 앞),3546.한양대역 4번출구(덕수고 앞),10,서울특별시 성동구 행당동 64,,37.55561066,127.04327393,0,0,1354
1354,성동구,ST-2329,03547,상왕십리역 6번 출입구,3547.상왕십리역 6번 출입구,12,서울특별시 성동구 하왕십리동 903-1,,37.56438065,127.02886963,0,0,1355
1355,서대문구,ST-233,00180,충정로역 7번출구 아래,180. 충정로역 7번출구 아래,10,서울특별시 서대문구 충정로3가 56-1,충정로역 7번출구 뒤,37.55996704,126.96246338,0,0,1356
1356,성동구,ST-2330,03548,뚝섬역 6번출구,3548.뚝섬역 6번출구,10,서울특별시 성동구 뚝섬로1길 63 영창디지털타워,,37.54695892,127.04766846,0,0,1357
1357,성동구,ST-2331,03549,건영아파트 앞,3549.건영아파트 앞,9,서울특별시 성동구 동일로 265 건영아파트상가,,37.55514145,127.07110596,0,0,1358
1358,성동구,ST-2332,03550,금호나들목,3550.금호나들목,20,서울특별시 성동구 금호로 15 서울숲푸르지오아파트,,37.54404068,127.02320099,0,0,1359
1359,성동구,ST-2333,03551,성동도로사업소,3551.성동도로사업소,10,서울특별시 성동구 자동차시장길 11 대승모터스,,37.55979919,127.05632782,0,0,1360
1360,성동구,ST-2334,03552,서울숲 공영주차장앞,3552.서울숲 공영주차장앞,19,서울특별시 성동구 성수동1가 719,,37.54195786,127.04277039,0,0,1361
1361,성동구,ST-2335,03553,마장역3번출구,3553.마장역3번출구,10,서울특별시 성동구 마장로 302,,37.56597900,127.04311371,0,0,1362
1362,성동구,ST-2336,03554,뚝섬역 영창디지털타워 앞,3554.뚝섬역 영창디지털타워 앞,10,서울특별시 성동구 뚝섬로1길 63 영창디지털타워,,37.54695129,127.04756165,0,0,1363
1363,성동구,ST-2337,03555,양지사거리(센트라스APT 115동앞),3555.양지사거리(센트라스APT 115동앞),10,서울특별시 성동구 왕십리로 410 센트라스,,37.56681824,127.02915192,0,0,1364
1364,성동구,ST-2338,03556,신금호파크자이APT앞,3556.신금호파크자이APT앞,10,서울특별시 성동구 금호동2가 1-5,,37.55610657,127.01978302,0,0,1365
1365,성동구,ST-2339,03557,서울숲리버뷰자이APT105동 앞,3557.서울숲리버뷰자이APT105동 앞,8,서울특별시 성동구 행당동 379-1,,37.55653000,127.03913116,0,0,1366
1366,성동구,ST-234,00518,청계천 박물관 앞,518. 청계천 박물관 앞,20,서울특별시 성동구 마장동 610,청계천 박물관 앞,37.57152557,127.03535461,0,0,1367
1367,성동구,ST-2340,03558,마장동 금호어울림APT앞,3558.마장동 금호어울림APT앞,10,서울특별시 성동구 마장동 336-11,,37.56339645,127.04187012,0,0,1368
1368,성동구,ST-2341,03559,성동구민종합체육센터 앞,3559.성동구민종합체육센터 앞,10,서울특별시 성동구 성수동1가 685-632,,37.54590988,127.04460144,0,0,1369
1369,성동구,ST-2342,03560,성동구 견인차량 보관소 앞,3560.성동구 견인차량 보관소 앞,22,서울특별시 성동구 천호대로78길 9,,37.56370926,127.05644989,0,0,1370
1370,성동구,ST-2343,03561,행당동 삼부APT후문,3561.행당동 삼부APT후문,10,서울특별시 성동구 왕십리로 278-17 행당동삼부아파트상가,,37.55926895,127.03839874,0,0,1371
1371,성동구,ST-2344,03562,행당중학교 후문,3562.행당중학교 후문,10,서울특별시 성동구 행당동 67-1,,37.55379868,127.04213715,0,0,1372
1372,동작구,ST-2345,02072,관악농협 우성지점 앞,2072.관악농협 우성지점 앞,10,서울특별시 동작구 여의대방로 22 우성아파트,,37.49228668,126.90954590,0,0,1373
1373,동작구,ST-2346,02073,동작상떼빌 103동 앞,2073.동작상떼빌 103동 앞,20,서울특별시 동작구 신대방1가길 38 동작상떼빌아파트,,37.48693466,126.90756226,0,0,1374
1374,동작구,ST-2347,02074,CTS기독교TV 앞,2074.CTS기독교TV 앞,10,서울특별시 동작구 노량진로 100 기독교TV멀티미디어센터,,37.51316452,126.93705750,0,0,1375
1375,동작구,ST-2348,02075,하늘마루타운 앞,2075.하늘마루타운 앞,20,서울특별시 동작구 알마타길 6 파밀리에 하늘마루,,37.51056671,126.92485046,0,0,1376
1376,동작구,ST-2349,02076,노들나루공원 입구,2076.노들나루공원 입구,18,서울특별시 동작구 본동 258-49,,37.51357651,126.95555115,0,0,1377
1377,성동구,ST-235,00519,양지사거리,519. 양지사거리,20,서울특별시 성동구 홍익동 590,양지사거리,37.56699371,127.02991486,0,0,1378
1378,동작구,ST-2350,02077,노들역 3번출구,2077.노들역 3번출구,10,서울특별시 동작구 노량진로 250,,37.51193619,126.95416260,0,0,1379
1379,동작구,ST-2351,02078,흑석 아크로리버하임(103동),2078.흑석 아크로리버하임(103동),13,서울특별시 동작구 흑석동 143-135,,37.51083755,126.96163177,0,0,1380
1380,동작구,ST-2352,02079,중앙대학교 중앙광장,2079.중앙대학교 중앙광장,25,서울특별시 동작구 흑석로 84 중앙대학교,,37.50667191,126.95777893,0,0,1381
1381,동작구,ST-2353,02080,대방지하보도(대방동경남아너스빌아파트),2080. 대방지하보도(대방동경남아너스빌아파트),15,서울 동작구 대방동 341-12,,37.51213455,126.92543793,0,0,1382
1382,동작구,ST-2354,02081,대방1차 e편한세상 앞,2081.대방1차 e편한세상 앞,15,서울특별시 동작구 알마타길 37 대방1차e-편한세상,,37.51306152,126.92951202,0,0,1383
1383,동작구,ST-2355,02082,7호선 이수역7번출구,2082.7호선 이수역7번출구,10,서울특별시 동작구 동작대로 89 골든시네마타워,,37.48460770,126.98179626,0,0,1384
1384,동작구,ST-2356,02083,흑석롯데캐슬에듀포레(107동),2083.흑석롯데캐슬에듀포레(107동),10,서울특별시 동작구 흑석동 340-10,,37.50470352,126.96073151,0,0,1385
1385,동작구,ST-2357,02084,e편한세상 상도노빌리티 앞,2084.e편한세상 상도노빌리티 앞,15,서울특별시 동작구 만양로 6 e편한세상 상도 노빌리티,,37.50456238,126.94678497,0,0,1386
1386,동작구,ST-2358,02085,강남중학교 앞,2085.강남중학교 앞,20,서울특별시 동작구 대방동 466-45,,37.50274277,126.92157745,0,0,1387
1387,동작구,ST-2359,02086,삼일수영장 앞,2086.삼일수영장 앞,22,서울특별시 동작구 사당동 164-72,,37.48712158,126.97435760,0,0,1388
1388,성동구,ST-236,00520,상왕십리역 4번 출구 앞,520. 상왕십리역 4번 출구 앞,7,서울특별시 성동구 하왕십리동 960-3,상왕십리역 4번 출구 앞,37.56385803,127.03031921,0,0,1389
1389,동작구,ST-2360,02087,숭의여자 고등학교 정문,2087.숭의여자 고등학교 정문,20,서울특별시 동작구 대방동 20-124,,37.50761032,126.92969513,0,0,1390
1390,동작구,ST-2361,02088,상도중앙하이츠빌 입구,2088.상도중앙하이츠빌 입구,10,서울특별시 동작구 상도동 415-1,,37.50024796,126.94972992,0,0,1391
1391,동작구,ST-2362,02089,사당역10번출구(금강빌딩),2089.사당역10번출구(금강빌딩),10,서울특별시 동작구 동작대로 43-2 구두수선대,,37.47910690,126.98150635,0,0,1392
1392,동작구,ST-2363,02090,기아자동차 사당점 앞,2090.기아자동차 사당점 앞,15,서울특별시 동작구 사당로 272 삼보빌딩,,37.48377991,126.97792053,0,0,1393
1393,동작구,ST-2364,02091,이수역9번출구,2091. 이수역9번출구,15,서울특별시 동작구 사당로 300 이수자이,,37.48470306,126.98059082,0,0,1394
1394,동작구,ST-2365,02092,흑석한강푸르지오(110동),2092.흑석한강푸르지오(110동),10,서울특별시 동작구 흑석한강로 27 흑석한강푸르지오,,37.50311279,126.96471405,0,0,1395
1395,동작구,ST-2366,02093,상도SH빌아파트 입구,2093.상도SH빌아파트 입구,8,서울특별시 동작구 상도로53길 70 상도에스에이치빌,,37.50321198,126.95459747,0,0,1396
1396,동작구,ST-2367,02094,숭실대학교(중문),2094.숭실대학교(중문) ,20,서울특별시 동작구 상도로 369 숭실대학교,,37.49550629,126.95637512,0,0,1397
1397,동작구,ST-2368,02095,경문고등학교 앞,2095.경문고등학교 앞,10,서울특별시 동작구 사당동 산1-13,,37.49150085,126.98240662,0,0,1398
1398,동작구,ST-2369,02096,서울특별시 동작관악교육지원청,2096.서울특별시 동작관악교육지원청,8,서울특별시 동작구 장승배기로10가길 45 모던힐타운,,37.50251389,126.94065094,0,0,1399
1399,성동구,ST-237,00521,왕십리역 11번 출구 앞,521. 왕십리역 11번 출구 앞,14,서울특별시 성동구 행당동 188-9,왕십리역 11번 출구 앞,37.56144714,127.03491974,0,0,1400
1400,관악구,ST-2370,02186,낙성대입구삼거리,2186. 낙성대입구삼거리,15,서울특별시 관악구 봉천동 1693-38,,37.47882080,126.95960999,0,0,1401
1401,관악구,ST-2371,02187,현대시장사거리,2187. 현대시장사거리,15,서울특별시 관악구 은천로 110 더블유에스타워,,37.48673630,126.94751740,0,0,1402
1402,관악구,ST-2372,02188,위버폴리스 버스정류장,2188.위버폴리스 버스정류장,10,서울특별시 관악구 봉천동 859-9,,37.48253250,126.95332336,0,0,1403
1403,관악구,ST-2373,02189,봉천역 4번출구,2189. 봉천역 4번출구,15,서울특별시 관악구 남부순환로 1719 삼성전자디지털센타,,37.48275375,126.94140625,0,0,1404
1404,관악구,ST-2374,02190,도원맨션,2190.도원맨션,12,서울특별시 관악구 남부순환로 1721,,37.48368835,126.93915558,0,0,1405
1405,관악구,ST-2375,02191,대학동주민센터,2191.대학동주민센터 ,10,서울 관악구 신림로 115,,37.47068787,126.93648529,0,0,1406
1406,관악구,ST-2376,02192,구로전화국 교차로,2192.구로전화국 교차로 ,12,서울특별시 관악구 남부순환로 1383-2,,37.48019028,126.90444946,0,0,1407
1407,관악구,ST-2377,02193,남서울중학교,2193.남서울중학교 ,14,서울특별시 관악구 남부순환로 1538,,37.48290634,126.92145538,0,0,1408
1408,관악구,ST-2378,02194,봉림교 남측,2194.봉림교 남측,20,서울특별시 관악구 신림동 1642-7,,37.48365021,126.92649841,0,0,1409
1409,관악구,ST-2379,02195,은천교회,2195.은천교회,15,서울특별시 관악구 남부순환로 1654 은천교회,,37.48464584,126.93450928,0,0,1410
1410,성동구,ST-238,00522,금호역 1번출구 앞,522. 금호역 1번출구 앞,9,서울특별시 성동구 금호동3가 1575-3,금호역 1번출구 앞,37.54864120,127.01642609,0,0,1411
1411,관악구,ST-2380,02196,봉천역 3번출구,2196. 봉천역 3번출구,15,서울특별시 관악구 남부순환로 1700,,37.48331070,126.93902588,0,0,1412
1412,관악구,ST-2381,02197,CU 남부순환로점,2197.CU 남부순환로점,10,서울특별시 관악구 남부순환로 1680,,37.48417664,126.93711090,0,0,1413
1413,관악구,ST-2382,02198,사랑의병원,2198.사랑의병원,10,서울특별시 관악구 남부순환로 1868,,37.47946548,126.95693207,0,0,1414
1414,관악구,ST-2383,02199,신봉천주유소 A,2199.신봉천주유소 A,8,서울특별시 관악구 남부순환로 1884,,37.47877121,126.95869446,0,0,1415
1415,관악구,ST-2384,02200,관악문화원 건너편,2200.관악문화원 건너편,20,서울특별시 관악구 신림동 138-2,,37.46856689,126.94675446,0,0,1416
1416,관악구,ST-2385,03301,도림천 신림2교,3301.도림천 신림2교 ,30,서울특별시 관악구 신림동 808-133,,37.47696686,126.93690491,0,0,1417
1417,관악구,ST-2386,03302,도림천 양산교,3302.도림천 양산교,20,서울특별시 관악구 신림동 808-1,,37.47383499,126.93378448,0,0,1418
1418,관악구,ST-2387,03303,낙성대동 성당,3303.낙성대동 성당,15,서울특별시 관악구 봉천동 244-1,,37.47600555,126.95890808,0,0,1419
1419,관악구,ST-2388,03304,낙성대역 5번 출구,3304.낙성대역 5번 출구,15,서울특별시 관악구 남부순환로 1928,,37.47775269,126.96236420,0,0,1420
1420,관악구,ST-2389,03305,낙성대역 8번 출구,3305.낙성대역 8번 출구,10,서울특별시 관악구 봉천동 1693-57,,37.47677612,126.96486664,0,0,1421
1421,성동구,ST-239,00523,옥수동성당 옆,523. 옥수동성당 옆,7,서울특별시 성동구 옥수동 산5-148,옥수동성당 옆,37.54366302,127.01406097,0,0,1422
1422,관악구,ST-2390,03306,서울신우초등학교,3306.서울신우초등학교,10,서울특별시 관악구 밤골길 12,,37.46214676,126.93177795,0,0,1423
1423,관악구,ST-2391,03307,봉천고개 육교,3307.봉천고개 육교,10,서울특별시 관악구 봉천동 7-17,,37.49122620,126.95607758,0,0,1424
1424,관악구,ST-2392,03308,대학동 고시촌,3308.대학동 고시촌,10,서울특별시 관악구 신림로 97 밀라트,,37.47045898,126.93865967,0,0,1425
1425,관악구,ST-2393,03310,영락고등학교,3310.영락고등학교,15,서울특별시 관악구 청룡16길 25 서울영락고등학교. 영락의료과학고등학교,,37.47662735,126.94364166,0,0,1426
1426,관악구,ST-2394,03311,서울대입구역 4번 출구,3311.서울대입구역 4번 출구,12,서울특별시 관악구 남부순환로 1812-2,,37.48122025,126.95157623,0,0,1427
1427,양천구,ST-2395,00794,양천문화회관,794.양천문화회관,10,서울특별시 양천구 신정동 322-4,,37.51686478,126.86296082,0,0,1428
1428,양천구,ST-2396,00795,양천 해누리타운,795.양천 해누리타운,22,서울특별시 양천구 목동동로 81 해누리타운,,37.51584244,126.86411285,0,0,1429
1429,양천구,ST-2397,00796,목동아파트 14단지 B상가 앞,796.목동아파트 14단지 B상가 앞,10,서울특별시 양천구 목동동로 130 목동신시가지아파트14단지,,37.51466370,126.87194061,0,0,1430
1430,양천구,ST-2398,00797,목동아파트 1422동 1434동 사잇길,797.목동아파트 1422동 1434동 사잇길,10,서울특별시 양천구 신정동 332-2,,37.51515579,126.87248993,0,0,1431
1431,강서구,ST-2399,02743,동신아파트 104동 앞,2743.동신아파트 104동 앞,12,서울특별시 강서구 강서로 532 동신아파트.대아아파트,,37.57204437,126.84400177,0,0,1432
1432,마포구,ST-24,00122,신성기사식당 앞,122. 신성기사식당 앞,10,서울특별시 마포구 독막로 223-1,50-2,37.54745865,126.93837738,0,0,1433
1433,성동구,ST-240,00524,래미안금호하이리버 아파트 102동 옆,524. 래미안금호하이리버 아파트 102동 옆,10,서울특별시 성동구 금호동2가 1220-1,래미안금호하이리버 아파트 102동 옆,37.55220032,127.02505493,0,0,1434
1434,강북구,ST-2401,01571,북서울 꿈의 숲 입구,1571.북서울 꿈의 숲 입구,10,서울특별시 강북구 오현로20길 46,,37.62673187,127.03877258,0,0,1435
1435,강북구,ST-2402,01572,우이동 먹거리마을,1572. 우이동 먹거리마을,10,서울특별시 강북구 우이동 207-14,,37.66446304,127.01184082,0,0,1436
1436,강북구,ST-2403,01573,현대성우아파트 옆,1573.현대성우아파트 옆,10,서울특별시 강북구 삼양로24길 19 현대성우아파트,,37.61666489,127.02210999,0,0,1437
1437,서초구,ST-2404,02539,대한무역투자진흥공사 KOTRA 앞,2539.대한무역투자진흥공사 KOTRA 앞,20,서울특별시 서초구 헌릉로 7 외국기업창업지원연구센터,,37.46540833,127.04377747,0,0,1438
1438,강북구,ST-2405,01574,송중초등학교 옆,1574.송중초등학교 옆,8,서울특별시 강북구 미아동 98-5,,37.61669922,127.03049469,0,0,1439
1439,성북구,ST-2406,01382,래미안월곡아파트 입구,1382.래미안월곡아파트 입구,10,서울특별시 성북구 하월곡동 225-5,,37.60866547,127.03627014,0,0,1440
1440,광진구,ST-2407,03587,우성식품 앞,3587.우성식품 앞,15,서울특별시 광진구 구의동 201-2,,37.54246521,127.09423065,0,0,1441
1441,광진구,ST-2408,03588,세종대학교(영실관),3588.세종대학교(영실관),10,서울특별시 광진구 군자로 114 세종초등학교,,37.55237198,127.07353973,0,0,1442
1442,송파구,ST-2409,02658,가락몰 업무동,2658.가락몰 업무동,10,서울특별시 송파구 중대로 55-2 가로판매대,,37.49535751,127.11569214,0,0,1443
1443,성동구,ST-241,00525,한양대병원사거리,525. 한양대병원사거리,20,서울특별시 성동구 행당동 20-2,한양대병원사거리,37.55805206,127.04035187,0,0,1444
1444,송파구,ST-2410,02659,서울친환경유통센터,2659.서울친환경유통센터,10,서울특별시 송파구 양재대로 932 가락동 농수산물도매시장,,37.49416733,127.10453033,0,0,1445
1445,강서구,ST-2411,02744,강서세무서 앞,2744.강서세무서 앞,25,서울특별시 강서구 마곡서1로 60,,37.56209183,126.82096863,0,0,1446
1446,강서구,ST-2412,02745,수명초등학교,2745.수명초등학교,9,서울특별시 강서구 내발산동 752-1,,37.55255890,126.82311249,0,0,1447
1447,강동구,ST-2413,01091,신동아아파트 8동 뒤,1091.신동아아파트 8동 뒤,10,서울특별시 강동구 고덕로 240 신동아아파트,,37.55473328,127.15299988,0,0,1448
1448,서초구,ST-2414,02547,반포래미안 리오센트,2547. 반포래미안 리오센트,7,서울특별시 서초구 잠원동 83,,37.51832199,127.01480865,0,0,1449
1449,서초구,ST-2415,02548,반포1동 자율방범초소 옆,2548.반포1동 자율방범초소 옆,18,서울특별시 서초구 반포동 28-4,,37.50847626,127.01676178,0,0,1450
1450,서초구,ST-2416,02549,LH 서초 4단지 403동,2549.LH 서초 4단지 403동,10,서울특별시 서초구 양재대로2길 33 엘에이치서초4단지,,37.45924759,127.02390289,0,0,1451
1451,서초구,ST-2417,02550,양재동 꽃시장 건너편,2550.양재동 꽃시장 건너편,10,서울특별시 서초구 양재동 327-22,,37.46738434,127.04145813,0,0,1452
1452,동대문구,ST-2418,00682,청량리 미주상가 앞,682.청량리 미주상가 앞,12,서울특별시 동대문구 왕산로 225 미주상가,,37.58231354,127.04764557,0,0,1453
1453,강서구,ST-2419,02746,수명산파크 4단지 411동 앞,2746.수명산파크 4단지 411동 앞,10,서울특별시 강서구 내발산동 751-6,,37.55134964,126.82493591,0,0,1454
1454,성동구,ST-242,00526,용답토속공원 앞,526. 용답토속공원 앞,10,서울특별시 성동구 용답동 224-1,용답토속공원 앞,37.56351089,127.05672455,0,0,1455
1455,성동구,ST-2420,03600,사근빗물펌프장 건너편,3600.사근빗물펌프장 건너편,7,서울특별시 성동구 사근동 241-1,,37.56119156,127.04968262,0,0,1456
1456,성동구,ST-2421,03601,용답역 2번출구 앞,3601.용답역 2번출구 앞,8,서울특별시 성동구 살곶이길 159,,37.56209946,127.05076599,0,0,1457
1457,중구,ST-2422,03013,서울지방고용노동청 앞,3013.서울지방고용노동청 앞,10,서울특별시 중구 삼일대로 363 장교빌딩,,37.56760406,126.98725891,0,0,1458
1458,종로구,ST-2423,04702,평창동 주민센터,4702. 평창동 주민센터,5,서울특별시 종로구 평창문화로 59-2 구두수선,,37.60604858,126.96763611,0,0,1459
1459,강동구,ST-2424,03652,한영외국어고등학교,3652. 한영외국어고등학교,10,서울특별시 강동구 상일동 168,,37.54709244,127.15621948,0,0,1460
1460,은평구,ST-2425,04652,신사두산위브2차아파트 앞,4652. 신사두산위브2차아파트 앞,10,서울특별시 은평구 신사동 371-1,,37.59931564,126.90759277,0,0,1461
1461,종로구,ST-2427,04711,올림픽기념 국민생활관 로터리,4711. 올림픽기념 국민생활관 로터리,10,서울특별시 종로구 혜화로 50,,37.58983612,126.99934387,0,0,1462
1462,관악구,ST-2428,03802,관악구민체육센터,3802. 관악구민체육센터,8,서울특별시 관악구 낙성대로3길 37 관악구민종합체육센터,,37.47288132,126.96003723,0,0,1463
1463,성동구,ST-243,00529,장한평역 8번 출구 앞,529. 장한평역 8번 출구 앞,8,서울특별시 성동구 용답동 224-3,장안평역 8번 출구 앞,37.56137085,127.06365967,0,0,1464
1464,중구,ST-2430,04760,서울역 7번출구,4760. 서울역 7번출구,10,서울특별시 중구 남대문로5가 84-11,,37.55664444,126.97364044,0,0,1465
1465,중구,ST-2431,04765,동대문디자인플라자,4765. 동대문디자인플라자,20,서울특별시 중구 을지로6가 18-169,,37.56831360,127.00946045,0,0,1466
1466,중구,ST-2432,04766,서소문성지역사박물관,4766. 서소문성지역사박물관,23,서울특별시 중구 중림동 373,,37.56024551,126.96878052,0,0,1467
1467,중구,ST-2433,04781,브라운스위트레지던스,4781. 브라운스위트레지던스,10,서울특별시 중구 중립동 340-1,,37.56147003,126.96801758,0,0,1468
1468,중구,ST-2434,04782,서소문역사공원,4782. 서소문역사공원,10,서울특별시 중구 의주로2가 16-6,,37.56157303,126.96849060,0,0,1469
1469,구로구,ST-2435,03906,천왕차량사업소 입구,3906. 천왕차량사업소 입구,8,서울특별시 구로구 천왕동 63-5,,37.47604752,126.84501648,0,0,1470
1470,용산구,ST-2436,04602,숙명여대앞 버스정류소 주변,4602. 숙명여대앞 버스정류소 주변,10,서울특별시 용산구 청파로47길 99,,37.54498672,126.96430206,0,0,1471
1471,용산구,ST-2437,04604,원효로다목적체육관 앞,4604. 원효로다목적체육관 앞,15,서울특별시 용산구 원효로3가 54-14,,37.53322220,126.95723724,0,0,1472
1472,용산구,ST-2438,04605,"노들섬 다목적홀(동쪽) 숲, 앞","4605. 노들섬 다목적홀(동쪽) 숲, 앞",10,서울특별시 용산구 이촌동 303-15,,37.51758957,126.95922089,0,0,1473
1473,용산구,ST-2439,04607,국립중앙박물관 -용산가족공원 앞,4607. 국립중앙박물관 -용산가족공원 앞,10,서울특별시 용산구 용산동6가 11-438,,37.52087784,126.97971344,0,0,1474
1474,성동구,ST-244,00530,청계벽산아파트 앞,530. 청계벽산아파트 앞,9,서울특별시 성동구 하왕십리동 286-24,청계벽산아파트 텐즈힐아파트 정류소,37.56874847,127.03040314,0,0,1475
1475,용산구,ST-2440,04608,국립중앙박물관 정문 앞,4608. 국립중앙박물관 정문 앞,10,서울특별시 용산구 용산동6가 11-438,,37.52145767,126.97767639,0,0,1476
1476,용산구,ST-2441,04609,파크타워 104동 앞,4609. 파크타워 104동 앞,10,서울특별시 용산구 서빙고로 69 파크타워아파트,,37.52330017,126.97206116,0,0,1477
1477,용산구,ST-2442,04610,한남나인원 105동 앞,4610. 한남나인원 105동 앞,10,서울특별시 용산구 한남대로 91,,37.53591919,127.00541687,0,0,1478
1478,용산구,ST-2443,04611,국제루터교회 앞,4611. 국제루터교회 앞,10,서울특별시 용산구 한남대로 148,,37.54143906,127.00376129,0,0,1479
1479,용산구,ST-2444,04612,"한남 준 J,FSS 앞","4612. 한남 준 J,FSS 앞",8,서울특별시 용산구 이태원로 255,,37.53749847,127.00084686,0,0,1480
1480,용산구,ST-2445,04613,서울갤러리아 앞,4613. 서울갤러리아 앞,7,서울특별시 용산구 이태원로 231,,37.53597641,126.99937439,0,0,1481
1481,용산구,ST-2446,04615,크라운호텔앞 버스정류소,4615. 크라운호텔앞 버스정류소,7,서울특별시 용산구 녹사평대로 140,,37.53030014,126.99137878,0,0,1482
1482,용산구,ST-2447,04616,신용산지하차도 앞,4616. 신용산지하차도 앞,15,서울특별시 용산구 한강로3가 6,,37.53248215,126.96411896,0,0,1483
1483,용산구,ST-2448,04617,동원베네스트 건너편,4617. 동원베네스트 건너편,6,서울특별시 용산구 한강로3가 37-2,,37.52761078,126.95511627,0,0,1484
1484,용산구,ST-2449,04618,풍전아파트 건너편,4618. 풍전아파트 건너편,10,서울특별시 용산구 원효로4가 114-38,,37.53237915,126.95252991,0,0,1485
1485,성동구,ST-245,00533,금남시장 교차로,533. 금남시장 교차로,7,서울특별시 성동구 금호동4가 1101,우리은행 금호동 지점 앞,37.54814911,127.02108765,0,0,1486
1486,용산구,ST-2450,04619,한강트럼프월드3차 앞,4619. 한강트럼프월드3차 앞,10,서울특별시 용산구 한강대로 26,,37.52301788,126.96240997,0,0,1487
1487,용산구,ST-2451,04620,삼각지역 14번 출구 앞(교통섬),4620. 삼각지역 14번 출구 앞(교통섬),8,서울특별시 용산구 이태원로 6,,37.53528595,126.97408295,0,0,1488
1488,용산구,ST-2452,04622,한강중학교 앞 버스정류장,4622. 한강중학교 앞 버스정류장,6,서울특별시 용산구 녹사평대로73,,37.52515030,126.99208832,0,0,1489
1489,용산구,ST-2453,04623,라인프랜즈이태원점 앞,4623. 라인프랜즈이태원점 앞,10,서울특별시 용산구 이태원로 177 6호선 이태원역,,37.53453064,126.99619293,0,0,1490
1490,용산구,ST-2455,04627,효창공원앞역 5번출구 옆,4627. 효창공원앞역 5번출구 옆,7,서울특별시 용산구 용문동 5-47,,37.53851318,126.96355438,0,0,1491
1491,용산구,ST-2456,04629,한강초교보도육교 앞,4629. 한강초교보도육교 앞,8,서울특별시 용산구 한강대로 52-1,,37.52544022,126.96459961,0,0,1492
1492,강동구,ST-2457,03655,둔촌신성미소지움아파트,3655. 둔촌신성미소지움아파트,10,서울특별시 강동구 명일로 102,,37.52726364,127.14233398,0,0,1493
1493,강북구,ST-2458,03703,삼양입구사거리,3703. 삼양입구사거리,10,서울특별시 강북구 솔샘로 326 대한예수교장로회 신성교회,,37.61708832,127.02809906,0,0,1494
1494,강북구,ST-2459,03707,드래곤타워 앞,3707. 드래곤타워 앞,10,서울특별시 강북구 도봉로 348-1 구두수선대-15,,37.63713455,127.03137970,0,0,1495
1495,성동구,ST-246,00534,금호사거리,534. 금호사거리,10,서울특별시 성동구 금호동2가 1205-1,금호사거리,37.54863358,127.02572632,0,0,1496
1496,강북구,ST-2460,03711,월계2교 교차로,3711. 월계2교 교차로,10,서울특별시 강북구 번동 259,,37.62422180,127.04921722,0,0,1497
1497,강북구,ST-2461,03714,송천센트레빌,3714. 송천센트레빌,10,서울특별시 강북구 미아동 461-4,,37.61220932,127.02497864,0,0,1498
1498,구로구,ST-2462,03902,항동지구5단지 501동 앞,3902. 항동지구5단지 501동 앞,16,서울특별시 구로구 항동 140-2,,37.47819901,126.82487488,0,0,1499
1499,구로구,ST-2463,03903,현대아파트 앞,3903. 현대아파트 앞,10,서울특별시 구로구 서울 구로구 개봉동 412-43,,37.49333954,126.85917664,0,0,1500
1500,구로구,ST-2464,03904,테크노마트 앞,3904. 테크노마트 앞,10,서울특별시 구로구 서울 구로구 구로동 1-2,,37.50624084,126.89114380,0,0,1501
1501,구로구,ST-2465,03905,희훈타워빌 앞,3905. 희훈타워빌 앞,15,서울특별시 구로구 서울 구로구 구로동 50,,37.50191498,126.88924408,0,0,1502
1502,성동구,ST-2466,04353,코오롱디지털타워 3차앞,4353. 코오롱디지털타워 3차앞,8,서울특별시 성동구 아차산로 39-1 구두수선대,,37.54655838,127.04998779,0,0,1503
1503,성동구,ST-2467,04360,르노삼성자동차 성수사업소 앞,4360. 르노삼성자동차 성수사업소 앞,15,서울특별시 성동구 광나루로270,,37.54824448,127.05957794,0,0,1504
1504,성동구,ST-2468,04362,행당중학교 후문,4362. 행당중학교 후문,8,서울특별시 성동구 왕십리로189,,37.55401230,127.04154968,0,0,1505
1505,용산구,ST-2469,04625,용산공원갤러리앞,4625. 용산공원갤러리앞,8,서울특별시 용산구 한강로1가 1-1,,37.53932190,126.97319031,0,0,1506
1506,성동구,ST-247,00535,응봉삼거리,535. 응봉삼거리,11,서울특별시 성동구 응봉동 134-26,응봉삼거리,37.55398560,127.03359222,0,0,1507
1507,은평구,ST-2470,04653,불광역 9번 출구 맞은편,4653. 불광역 9번 출구 맞은편,10,서울특별시 은평구 불광로 41 LG Bestshop 불광점,,37.61156845,126.93048859,0,0,1508
1508,은평구,ST-2471,04654,OK부동산 앞,4654. OK부동산 앞,10,서울특별시 은평구 수색로 270-2,,37.58287811,126.89446259,0,0,1509
1509,종로구,ST-2472,04708,조계사앞사거리,4708. 조계사앞사거리,6,서울특별시 종로구 삼봉로95(견지동110),,37.57218170,126.98283386,0,0,1510
1510,종로구,ST-2473,04710,자교교회 앞,4710. 자교교회 앞,8,서울특별시 종로구 자하문로 56 자교교회,,37.58114624,126.97123718,0,0,1511
1511,강남구,ST-2474,03602,한국지역난방공사강남지사,3602. 한국지역난방공사강남지사,5,서울특별시 강남구 양재대로 781,,37.49229431,127.09433746,0,0,1512
1512,강서구,ST-2476,03753,공항중학교 버스정류장,3753. 공항중학교 버스정류장,10,서울특별시 강서구 공항동9-12,,37.56113434,126.81610107,0,0,1513
1513,강서구,ST-2477,03756,마곡힐스테이트 정문,3756. 마곡힐스테이트 정문,10,서울특별시 강서구 마곡동 726-16,,37.56497574,126.81740570,0,0,1514
1514,강서구,ST-2478,03761,나이아가라관광호텔,3761. 나이아가라관광호텔,10,서울특별시 강서구 양천로 743 나이아가라관광호텔,,37.54903030,126.87836456,0,0,1515
1515,강서구,ST-2479,03763,등촌태영아파트,3763. 등촌태영아파트,18,서울특별시 강서구 양천로590,,37.55603027,126.86429596,0,0,1516
1516,성동구,ST-248,00536,행당역 2번출구 앞,536. 행당역 2번출구 앞,8,서울특별시 성동구 행당동 347-11,행당역 2번출구 앞,37.55735016,127.02921295,0,0,1517
1517,강서구,ST-2480,03765,문소빌딩,3765. 문소빌딩,10,서울특별시 강서구 화곡로 227,,37.54555511,126.84449768,0,0,1518
1518,강서구,ST-2481,03767,대원빌딩,3767. 대원빌딩,10,서울특별시 강서구 화곡로228,,37.54536819,126.84470367,0,0,1519
1519,강서구,ST-2482,03772,길성그랑프리텔아파트,3772. 길성그랑프리텔아파트,15,서울특별시 강서구 방화대로319,,37.56924820,126.81650543,0,0,1520
1520,강서구,ST-2483,03775,가양오토갤러리,3775. 가양오토갤러리,10,서울특별시 강서구 강서로74길58,,37.56644058,126.84430695,0,0,1521
1521,강서구,ST-2484,03776,김포공항사거리,3776. 김포공항사거리,10,서울특별시 강서구 방화동651-1,,37.56753540,126.80518341,0,0,1522
1522,강서구,ST-2486,03778,김포공항입구 교차로,3778. 김포공항입구 교차로,10,서울특별시 강서구 방화동621-6,,37.56179428,126.80792999,0,0,1523
1523,강서구,ST-2487,03780,등촌서광아파트,3780. 등촌서광아파트,22,서울특별시 강서구 공항대로45길68-6,,37.55755234,126.85625458,0,0,1524
1524,강서구,ST-2488,03781,강서아동복지센터,3781. 강서아동복지센터,12,서울특별시 강서구 금낭화로26가길 130,,37.58458328,126.81092072,0,0,1525
1525,강서구,ST-2489,03782,겸재정선미술관,3782. 겸재정선미술관,10,서울특별시 강서구 강서구 양천로47길 24 ,,37.57128906,126.83777618,0,0,1526
1526,성동구,ST-249,00537,한양대후문역 부근,537. 한양대후문역 부근,10,서울특별시 성동구 행당동 10,한양대후문역 부근 (양키캔들 앞),37.56035614,127.04139709,0,0,1527
1527,강서구,ST-2490,03783,마곡금호어울림아파트,3783. 마곡금호어울림아파트,10,서울특별시 강서구 강서구 양천로47길 90,,37.57410049,126.83711243,0,0,1528
1528,강서구,ST-2491,03784,벽산아파트,3784. 벽산아파트,10,서울특별시 강서구 양천로47길 112 ,,37.57531738,126.83666992,0,0,1529
1529,강서구,ST-2492,03787,가양나들목,3787. 가양나들목,15,서울특별시 강서구 강서구 가양동 1456-6,,37.57386398,126.84347534,0,0,1530
1530,강서구,ST-2493,03788,정곡나들목,3788. 정곡나들목,15,서울특별시 강서구 강서구 방화동 57-5번지,,37.58417130,126.81932831,0,0,1531
1531,강서구,ST-2494,03789,염창나들목,3789. 염창나들목,35,서울특별시 강서구 강서구 염창동 223-4번지,,37.55680466,126.87155914,0,0,1532
1532,동대문구,ST-2496,04102,휘경1동주민센터 앞,4102. 휘경1동주민센터 앞,7,서울특별시 동대문구  외대역동로6길 3,,37.59286499,127.06555939,0,0,1533
1533,동대문구,ST-2497,04103,휘경sk뷰아파트 앞,4103. 휘경sk뷰아파트 앞,10,서울특별시 동대문구 휘경로 71 맞은편,,37.59383774,127.06781769,0,0,1534
1534,동대문구,ST-2498,04104,외대앞역 교차로,4104. 외대앞역 교차로,10,서울특별시 동대문구  외대역동로 67 맞은편,,37.59436417,127.06459808,0,0,1535
1535,동대문구,ST-2499,04105,서울교통공사사거리 교통섬,4105. 서울교통공사사거리 교통섬,10,서울특별시 동대문구 천호대로 343,,37.56324005,127.05799103,0,0,1536
1536,서대문구,ST-25,00123,문화촌 공원,123. 문화촌 공원,20,서울특별시 서대문구 홍제동 277-23,277-23,37.59432983,126.94738770,0,0,1537
1537,성동구,ST-250,00538,답십리역 8번출구 앞,538. 답십리역 8번출구 앞,15,서울특별시 성동구 용답동 102-1,답십리역 8번출구 앞,37.56764984,127.05115509,0,0,1538
1538,동대문구,ST-2500,04107,장안동근린공원 입구,4107. 장안동근린공원 입구,10,서울특별시 동대문구 장한로 191 동대문구청소년독서실,,37.57744217,127.07192230,0,0,1539
1539,동대문구,ST-2501,04108,답십리파크자이아파트 앞,4108. 답십리파크자이아파트 앞,10,서울특별시 동대문구 답십리로56길 124,,37.56769180,127.05789185,0,0,1540
1540,동대문구,ST-2502,04110,용두롯데캐슬리치아파트 앞,4110. 용두롯데캐슬리치아파트 앞,10,서울특별시 동대문구 용두동 150-32,,37.57958603,127.03024292,0,0,1541
1541,동대문구,ST-2503,04112,신이문빗물펌프장 옆,4112. 신이문빗물펌프장 옆,10,서울특별시 동대문구 이문동 59,,37.59955215,127.06980896,0,0,1542
1542,동대문구,ST-2504,04113,한국국방연구원 앞,4113. 한국국방연구원 앞,10,서울특별시 동대문구 회기로 37 한국국방연구원,,37.59139633,127.04029846,0,0,1543
1543,동대문구,ST-2505,04116,이문e편한세상아파트 앞,4116. 이문e편한세상아파트 앞,10,서울특별시 동대문구 한천로63길 10 이문e편한세상아파트,,37.60460281,127.06692505,0,0,1544
1544,동대문구,ST-2506,04117,휘경119안전센터 앞,4117. 휘경119안전센터 앞,10,서울특별시 동대문구 망우로 114,,37.59087372,127.06536102,0,0,1545
1545,동대문구,ST-2507,04121,서울문화재단 앞,4121. 서울문화재단 앞,15,서울특별시 동대문구 청계천로 517,,37.57130051,127.03362274,0,0,1546
1546,동대문구,ST-2508,04122,청계9가교차로 앞,4122. 청계9가교차로 앞,10,서울특별시 동대문구 청계천로 471,,37.57014847,127.02992249,0,0,1547
1547,동대문구,ST-2509,04123,배봉초교 교차로,4123. 배봉초교 교차로,10,서울특별시 동대문구 사가정로 200,,37.57846832,127.06689453,0,0,1548
1548,성동구,ST-251,00550,서울시설공단 앞,550. 서울시설공단 앞,20,서울특별시 성동구 마장동 610 ,서울시설공단 앞,37.57164001,127.03565979,0,0,1549
1549,성북구,ST-2510,04403,하월곡동 광명비전교회 앞,4403. 하월곡동 광명비전교회 앞,10,서울특별시 성북구 하월곡동 225-9,,37.61249542,127.03720093,0,0,1550
1550,종로구,ST-2511,04703,쌍용아파트2단지 정문,4703. 쌍용아파트2단지 정문,8,서울특별시 종로구 낙산길198(창신3동),,37.58131409,127.01268005,0,0,1551
1551,종로구,ST-2512,04704,쌍용아파트2단지 상가앞,4704. 쌍용아파트2단지 상가앞,3,서울특별시 종로구 낙산길198(창신3동),,37.58137512,127.01241302,0,0,1552
1552,종로구,ST-2513,04707,청계3가 사거리,4707. 청계3가 사거리,5,서울특별시 종로구 관수동91-1,,37.56855774,126.99211884,0,0,1553
1553,중구,ST-2514,04753,시청역 10번출구,4753. 시청역 10번출구,10,서울특별시 중구 서소문로 103,,37.56284332,126.97261810,0,0,1554
1554,중구,ST-2516,04761,중부경찰서앞사거리 건너편,4761. 중부경찰서앞사거리 건너편,10,서울특별시 중구 초동 107-12,,37.56474304,126.99095154,0,0,1555
1555,중구,ST-2517,04762,국제빌딩,4762. 국제빌딩,10,서울특별시 중구 남대문로 109,,37.56693268,126.98258209,0,0,1556
1556,중구,ST-2518,04768,서울도시건축전시관,4768. 서울도시건축전시관,12,서울특별시 중구 태평로1가 60-20,,37.56701660,126.97683716,0,0,1557
1557,중구,ST-2519,04772,중앙일보,4772. 중앙일보,10,서울특별시 중구 서소문동58-6,,37.56253433,126.97249603,0,0,1558
1558,광진구,ST-252,00539,군자교교차로,539. 군자교교차로,10,서울특별시 광진구 중곡동 263-1,군자교교차로,37.55979538,127.07420349,0,0,1559
1559,중구,ST-2520,04774,을지로입구역 8번출구,4774. 을지로입구역 8번출구,9,서울특별시 중구 을지로1가 140-1,,37.56590271,126.98178101,0,0,1560
1560,중구,ST-2521,04775,을지로지하쇼핑센터,4775. 을지로지하쇼핑센터,10,서울특별시 중구 을지로 66 하나금융그룹 명동사옥,,37.56589127,126.98445129,0,0,1561
1561,중구,ST-2522,04776,신세계면세점,4776. 신세계면세점,10,서울특별시 중구 퇴계로 77 신세계백화점,,37.56027603,126.98139191,0,0,1562
1562,중구,ST-2523,04778,대신파이낸스센터,4778. 대신파이낸스센터,10,서울특별시 중구 삼일대로 343-1 가로판매대38,,37.56520844,126.98739624,0,0,1563
1563,중구,ST-2524,04779,태극당,4779. 태극당,8,서울특별시 중구 동호로24길7,,37.55958557,127.00547028,0,0,1564
1564,중구,ST-2525,04784,중부경찰서앞 사거리,4784. 중부경찰서앞 사거리,10,서울특별시 중구 저동2가 22-1,,37.56459045,126.99076843,0,0,1565
1565,중구,ST-2526,04785,롯데시티호텔,4785. 롯데시티호텔,8,서울특별시 중구 삼일대로 362 롯데시티호텔 명동,,37.56691742,126.98783112,0,0,1566
1566,중구,ST-2527,04791,명동역9번 출구,4791. 명동역9번 출구,10,서울특별시 중구 퇴계로 135-14 구두수선대124,,37.56122589,126.98749542,0,0,1567
1567,마포구,ST-2528,04202,프런트원(공덕역4번출구 앞),4202. 프런트원(공덕역4번출구 앞),9,서울특별시 마포구 마포구 마포대로 122,,37.54585266,126.95259857,0,0,1568
1568,마포구,ST-2529,04205,디지털미디어씨티역2번출구,4205. 디지털미디어씨티역2번출구,10,서울특별시 마포구 마포구 상암동 1171-1,,37.57522202,126.89990234,0,0,1569
1569,광진구,ST-253,00540,군자역 7번출구 베스트샵 앞,540. 군자역 7번출구 베스트샵 앞,8,서울특별시 광진구 군자동 499,군자역 7번출구 베스트샵 앞,37.55603027,127.07864380,0,0,1570
1570,마포구,ST-2530,04206,광흥창역5번출구,4206. 광흥창역5번출구,7,서울특별시 마포구 마포구 창전동 246-34,,37.54737854,126.93163300,0,0,1571
1571,마포구,ST-2531,04207,아만티호텔 앞,4207. 아만티호텔 앞,10,서울특별시 마포구 마포구 서교동 445-7,,37.55730820,126.91885376,0,0,1572
1572,마포구,ST-2532,04208,스타벅스(동교동) 앞,4208. 스타벅스(동교동) 앞,10,서울특별시 마포구 마포구 동교동 205-6,,37.55665970,126.91986847,0,0,1573
1573,마포구,ST-2533,04210,가좌행복주택 앞,4210. 가좌행복주택 앞,7,서울특별시 마포구 마포구 중동 275,,37.56949234,126.91184235,0,0,1574
1574,마포구,ST-2534,04211,시석빌딩 앞,4211. 시석빌딩 앞,8,서울특별시 마포구 마포구 합정동 412-34,,37.54830170,126.91671753,0,0,1575
1575,마포구,ST-2535,04212,한화오벨리스크 앞,4212. 한화오벨리스크 앞,10,서울특별시 마포구 마포구 상암동 1758,,37.58332062,126.88156128,0,0,1576
1576,마포구,ST-2536,04213,마포구중앙도서관 정문 앞,4213. 마포구중앙도서관 정문 앞,15,서울특별시 마포구 마포구 성산동 275-26,,37.56415558,126.90814972,0,0,1577
1577,마포구,ST-2537,04214,JTBC 앞,4214. JTBC 앞,10,서울특별시 마포구 상암산로 48-6 중앙일보빌딩,,37.57730484,126.89018250,0,0,1578
1578,강서구,ST-2538,03760,발산역 8번 출구,3760. 발산역 8번 출구,17,서울특별시 강서구 공항대로 260 이화의대부속서울병원,,37.55846024,126.83676147,0,0,1579
1579,강서구,ST-2539,03766,강서문화센터,3766. 강서문화센터,10,서울특별시 강서구 화곡로 215 강서문화센터,,37.54457855,126.84378052,0,0,1580
1580,광진구,ST-254,00542,강변역 4번출구 뒤,542. 강변역 4번출구 뒤,19,서울특별시 광진구 강변역로 87-2 가로판매대 - 28,,37.53582382,127.09416199,0,0,1581
1581,강서구,ST-2540,03779,유광사여성병원,3779. 유광사여성병원,10,서울특별시 강서구 강서로 191 화평빌딩,강서로191,37.54323959,126.83863068,0,0,1582
1582,광진구,ST-2541,03853,어린이대공원역 2번출구,3853. 어린이대공원역 2번출구,18,서울특별시 광진구 광진구 능동 463-1,,37.54764938,127.07470703,0,0,1583
1583,광진구,ST-2542,03860,건국대학교 정문 앞,3860. 건국대학교 정문 앞,10,서울특별시 광진구 광진구 광나루로 416,,37.54651260,127.07571411,0,0,1584
1584,광진구,ST-2543,03863,동일로58길 입구,3863. 동일로58길 입구,10,서울특별시 광진구 광진구 동일로 296,,37.55775452,127.07297516,0,0,1585
1585,광진구,ST-2544,03864,광진소방서 앞,3864. 광진소방서 앞,11,서울특별시 광진구 광진구 광나루로 486,,37.54500580,127.08337402,0,0,1586
1586,광진구,ST-2545,03865,이튼타워리버 2차,3865. 이튼타워리버 2차,8,서울특별시 광진구 광진구 능동로 50,,37.53520966,127.06900024,0,0,1587
1587,광진구,ST-2546,03868,자양한강도서관,3868. 자양한강도서관,10,서울특별시 광진구 광진구 뚝섬로52길 58,,37.52916336,127.07798767,0,0,1588
1588,광진구,ST-2547,03873,동서울우편집중국 앞,3873. 동서울우편집중국 앞,8,서울특별시 광진구 광진구 자양로 80,,37.53470993,127.08447266,0,0,1589
1589,광진구,ST-2548,03878,장로회신학대학교 주기철 기념관,3878. 장로회신학대학교 주기철 기념관,15,서울특별시 광진구 광장로5길 25-1 장로회신학대학교,,37.54983902,127.10302734,0,0,1590
1590,도봉구,ST-2549,04076,도봉통합복지센터 뒤 중랑천 변,4076. 도봉통합복지센터 뒤 중랑천 변,10,서울특별시 도봉구 창동,,37.65999603,127.05127716,0,0,1591
1591,광진구,ST-255,00543,구의공원(테크노마트 앞),543. 구의공원(테크노마트 앞),20,서울특별시 광진구 구의동 546-3,구의공원(테크노마트 앞),37.53596878,127.09467316,0,0,1592
1592,강서구,ST-2550,03769,증미역 2번출구,3769. 증미역 2번출구,10,서울특별시 강서구 양천로 559 가양이마트,,37.55713272,126.86314392,0,0,1593
1593,강서구,ST-2551,03792,화곡본동시장 입구,3792. 화곡본동시장 입구,10,서울특별시 강서구 화곡로 206 삼영빌딩,,37.54382706,126.84368896,0,0,1594
1594,강서구,ST-2552,03793,더리브골드타워,3793. 더리브골드타워,10,서울특별시 강서구 양천로 400-12 더리브골드타워,,37.56557083,126.84624481,0,0,1595
1595,강서구,ST-2553,03794,안양천합수부(현대3차아파트),3794. 안양천합수부(현대3차아파트),20,서울특별시 강서구 염창동 119,,37.55195236,126.87670898,0,0,1596
1596,강서구,ST-2554,03795,공항신성빌딩 앞,3795. 공항신성빌딩 앞,8,서울특별시 강서구 공항대로 49-2 공항신성빌딩,,37.56130981,126.81307220,0,0,1597
1597,강서구,ST-2555,03796,송정역 3번출구 앞,3796. 송정역 3번출구 앞,8,서울특별시 강서구 공항동 34-69,,37.56087875,126.81354523,0,0,1598
1598,강서구,ST-2556,03797,마곡수명산파크7단지 710동 앞,3797. 마곡수명산파크7단지 710동 앞,10,서울특별시 강서구 내발산동 755,,37.54857254,126.82076263,0,0,1599
1599,강서구,ST-2557,03798,그랜드아이파크아파트 앞,3798. 그랜드아이파크아파트 앞,11,서울특별시 강서구 강서구 화곡로 347,,37.55510712,126.85154724,0,0,1600
1600,강서구,ST-2558,03786,강서힐스테이트 상가 앞,3786. 강서힐스테이트 상가 앞,9,서울특별시 강서구 강서로 242 강서힐스테이트,,37.54663849,126.83657837,0,0,1601
1601,구로구,ST-2559,03907,신도림7차e편한세상아파트 806동 앞,3907. 신도림7차e편한세상아파트 806동 앞,10,서울특별시 구로구 신도림동 385-3,,37.50862503,126.88353729,0,0,1602
1602,광진구,ST-256,00544,광남중학교,544. 광남중학교,10,서울특별시 광진구 광장동 561-15,광남중학교,37.54072952,127.10290527,0,0,1603
1603,동대문구,ST-2560,04114,휘경여중고삼거리,4114. 휘경여중고삼거리,10,서울특별시 동대문구 한천로 264 맞은편,,37.58392334,127.06827545,0,0,1604
1604,서대문구,ST-2561,04253,홍은도담도서관,4253. 홍은도담도서관,5,서울특별시 서대문구 서대문구 홍은동 11-7,,37.60169601,126.94916534,0,0,1605
1605,서초구,ST-2562,04319,삼성전자R&D어린이집 뒤,4319. 삼성전자R&D어린이집 뒤,7,서울특별시 서초구 우면동 684,,37.46559143,127.02184296,0,0,1606
1606,영등포구,ST-2563,04556,리버뷰신안인스빌1차 후문,4556. 리버뷰신안인스빌1차 후문,10,서울특별시 영등포구 영등포구 경인로77길 49,,37.51374817,126.88851166,0,0,1607
1607,영등포구,ST-2564,04557,리버뷰신안인스빌2차 후문,4557. 리버뷰신안인스빌2차 후문,10,서울특별시 영등포구 영등포구 도림로143길 27,,37.51288223,126.89026642,0,0,1608
1608,종로구,ST-2565,04705,웰니스센터(민방위교육장 앞),4705. 웰니스센터(민방위교육장 앞),6,서울특별시 종로구 운니동 98-7,,37.57752991,126.98912811,0,0,1609
1609,강동구,ST-2567,03653,강동리버스트4단지아파트 404동 앞,3653. 강동리버스트4단지아파트 404동 앞,10,서울특별시 강동구 강일동 100,,37.57201385,127.17170715,0,0,1610
1610,강동구,ST-2568,03654,강동리버스트4단지아파트 405동 앞,3654. 강동리버스트4단지아파트 405동 앞,10,서울특별시 강동구 아리수로93가길 110(강일동 115),,37.57201767,127.17295074,0,0,1611
1611,강서구,ST-2569,03759,이대서울병원,3759. 이대서울병원,25,서울특별시 강서구 마곡동 769-4,,37.55863190,126.83559418,0,0,1612
1612,광진구,ST-257,00546,잠실대교북단 교차로,546. 잠실대교북단 교차로,8,서울특별시 광진구 자양동 722,잠실대교북단 교차로,37.53247833,127.08509064,0,0,1613
1613,서초구,ST-2570,04320,신영체르니 아파트,4320. 신영체르니 아파트,11,서울특별시 서초구 서울 서초구 논현로27길 57,,37.47901154,127.04144287,0,0,1614
1614,송파구,ST-2571,04452,삼성SDS,4452. 삼성SDS,10,서울특별시 송파구 올림픽로35길 125,,37.51633835,127.09985352,0,0,1615
1615,송파구,ST-2572,04453,위례중앙푸르지오 201동 앞,4453. 위례중앙푸르지오 201동 앞,15,서울특별시 송파구 위례광장로 290,,37.47434616,127.14326477,0,0,1616
1616,송파구,ST-2573,04456,위례포레샤인 2310동 부근,4456. 위례포레샤인 2310동 부근,10,서울특별시 송파구 장지동 532-8,,37.47456360,127.13679504,0,0,1617
1617,송파구,ST-2574,04457,아산병원 기숙사 부근,4457. 아산병원 기숙사 부근,50,서울특별시 송파구 올림픽로43길 88,,37.52478027,127.10913086,0,0,1618
1618,송파구,ST-2575,04458,가락2동주민센터 인근,4458. 가락2동주민센터 인근,10,서울특별시 송파구 중대로 149 경찰병원역,,37.49917603,127.12589264,0,0,1619
1619,송파구,ST-2576,04460,올림픽훼미리아파트 112동 앞,4460. 올림픽훼미리아파트 112동 앞,8,서울특별시 송파구 중대로 24 올림픽훼밀리타운,,37.48807144,127.11863708,0,0,1620
1620,송파구,ST-2577,04461,한양3차아파트 3동 앞,4461. 한양3차아파트 3동 앞,7,서울특별시 송파구 방이동225,,37.50585175,127.12194061,0,0,1621
1621,송파구,ST-2578,04462,가락중학교 앞,4462. 가락중학교 앞,8,서울특별시 송파구 송파동166-2,,37.50223541,127.11728668,0,0,1622
1622,송파구,ST-2579,04463,방이역 2번 출구,4463. 방이역 2번 출구,10,서울특별시 송파구 오금동43,,37.50801468,127.12594604,0,0,1623
1623,광진구,ST-258,00548,자양나들목,548. 자양나들목,20,서울특별시 광진구 자양동 738,자양나들목,37.52976990,127.07485962,0,0,1624
1624,송파구,ST-2580,04464,올림픽공원 북2문 A,4464. 올림픽공원 북2문 A,15,서울특별시 송파구 방이동88-16,,37.52357483,127.12804413,0,0,1625
1625,송파구,ST-2581,04465,건영아파트앞 사거리,4465. 건영아파트앞 사거리,10,서울특별시 송파구 문정동 72,,37.48245621,127.12460327,0,0,1626
1626,송파구,ST-2582,04467,한림연예예술고등학교,4467. 한림연예예술고등학교,10,서울특별시 송파구 충민로172,,37.48488998,127.13270569,0,0,1627
1627,송파구,ST-2583,04468,가락1동주민센터,4468. 가락1동주민센터 ,15,서울특별시 송파구 가락동 282,,37.49579239,127.10811615,0,0,1628
1628,송파구,ST-2584,04469,거여동 어울림아파트  102동앞,4469. 거여동 어울림아파트  102동앞,10,서울특별시 송파구 오금로56길 28 어울림아파트,,37.49198532,127.14373016,0,0,1629
1629,송파구,ST-2585,04472,송파파크데일 1단지 115동 건너편,4472. 송파파크데일 1단지 115동 건너편,10,서울특별시 송파구 마천동588,,37.49763107,127.15966797,0,0,1630
1630,송파구,ST-2586,04473,마천금호어울림 1차 102동앞,4473. 마천금호어울림 1차 102동앞,10,서울특별시 송파구 성내천로245,,37.49808884,127.15429688,0,0,1631
1631,송파구,ST-2587,04474,가락현대 1차 11동 앞,4474. 가락현대 1차 11동 앞,10,서울특별시 송파구 문정동 3,,37.49146652,127.12664032,0,0,1632
1632,송파구,ST-2588,04475,송파파인타운 4단지 403동,4475. 송파파인타운 4단지 403동,10,서울특별시 송파구 새말로12길 16,,37.48174286,127.12878418,0,0,1633
1633,송파구,ST-2589,04478,문정근린공원2,4478. 문정근린공원2,10,서울특별시 송파구 문정동 18-4,,37.48611450,127.12667084,0,0,1634
1634,광진구,ST-259,00549,아차산역 3번출구,549. 아차산역 3번출구,10,서울특별시 광진구 구의동 96,아차산역 3번출구,37.55122375,127.08970642,0,0,1635
1635,송파구,ST-2590,04479,문정중학교,4479. 문정중학교,10,서울특별시 송파구 문정로 73 문정중학교,,37.48827362,127.13068390,0,0,1636
1636,송파구,ST-2591,04480,가락시장 남1문 사거리,4480. 가락시장 남1문 사거리,10,서울특별시 송파구 중대로70-2,,37.49201584,127.11745453,0,0,1637
1637,송파구,ST-2592,04481,올림픽공원 북2문 B,4481. 올림픽공원 북2문 B,25,서울특별시 송파구 방이동88-16,,37.52397537,127.12751007,0,0,1638
1638,송파구,ST-2593,04483,잠실나들목4,4483. 잠실나들목4,19,서울특별시 송파구 잠실동 17,,37.51611710,127.08466339,0,0,1639
1639,송파구,ST-2594,04484,잠실나루역4번출구뒤,4484. 잠실나루역4번출구뒤,10,서울특별시 송파구 신천동15,,37.52080917,127.10362244,0,0,1640
1640,송파구,ST-2595,04485,잠실나루역 고가하부,4485. 잠실나루역 고가하부,10,서울특별시 송파구 오금로 20-2 구두수선대,,37.51988602,127.10433960,0,0,1641
1641,송파구,ST-2596,04486,홈플러스 잠실점,4486. 홈플러스 잠실점,10,서울특별시 송파구 올림픽로35가길 16,,37.51613998,127.10350800,0,0,1642
1642,송파구,ST-2597,04488,"문현중,고등학교 사이","4488. 문현중,고등학교 사이",10,서울특별시 송파구 장지동838-2,,37.48051071,127.12862396,0,0,1643
1643,송파구,ST-2598,04490,송파파인타운 10단지 1005동,4490. 송파파인타운 10단지 1005동,10,서울특별시 송파구 송파대로8길 20,,37.47778320,127.13205719,0,0,1644
1644,송파구,ST-2599,04491,장지역 1번출구,4491. 장지역 1번출구,10,서울특별시 송파구 충민로2길 8,,37.47953415,127.12678528,0,0,1645
1645,마포구,ST-26,00124,서강대 정문 건너편,124. 서강대 정문 건너편,35,서울특별시 마포구 서강로16길 72,84-5,37.55113983,126.93698883,0,0,1646
1646,동대문구,ST-260,00600,휘경2동 주민센터,600. 휘경2동 주민센터,10,서울특별시 동대문구 한천로 329,휘경2동 주민센터,37.58991241,127.06867981,0,0,1647
1647,송파구,ST-2600,04493,마천사거리 2,4493. 마천사거리 2,10,서울특별시 송파구 마천동 36,,37.49900436,127.14694214,0,0,1648
1648,송파구,ST-2601,04496,잠실 파크리오 120동 앞,4496. 잠실 파크리오 120동 앞,10,서울특별시 송파구 올림픽로 435,,37.51921082,127.10794067,0,0,1649
1649,송파구,ST-2602,04497,아시아선수촌아파트 교차로,4497. 아시아선수촌아파트 교차로,20,서울특별시 송파구 올림픽로4길 15,,37.50679016,127.07926941,0,0,1650
1650,송파구,ST-2603,04499,세양청마루 101동 앞,4499. 세양청마루 101동 앞,10,서울특별시 송파구 송이로31길 66 세양청마루아파트,,37.49236679,127.13655090,0,0,1651
1651,송파구,ST-2604,04500,풍납나들목,4500. 풍납나들목,10,서울특별시 송파구 풍납동 425,,37.52865219,127.10866547,0,0,1652
1652,송파구,ST-2605,04852,서울복합물류 게이트 1,4852. 서울복합물류 게이트 1,10,서울특별시 송파구 장지동 662,,37.47600174,127.12310028,0,0,1653
1653,송파구,ST-2606,04854,가락시장역 2번 출구,4854. 가락시장역 2번 출구,10,서울특별시 송파구 가락동 184-23,,37.49273300,127.11798859,0,0,1654
1654,송파구,ST-2607,04855,거여5단지 503동 앞,4855. 거여5단지 503동 앞,10,서울특별시 송파구 양산로4길 16,,37.48933029,127.14604950,0,0,1655
1655,송파구,ST-2608,04856,올림픽공원 서1문 앞,4856. 올림픽공원 서1문 앞,10,서울특별시 송파구 올림픽로 424,,37.52021790,127.11457062,0,0,1656
1656,송파구,ST-2609,04859,잠실나루 나들목,4859. 잠실나루 나들목,15,서울특별시 송파구 신천동 6,,37.52148438,127.10028076,0,0,1657
1657,동대문구,ST-261,00601,용신동주민센터,601. 용신동주민센터,10,서울특별시 동대문구 용두동 65-25,용신동주민센터,37.57594681,127.03736115,0,0,1658
1658,강북구,ST-2610,03718,번동3단지 버스정류장,3718. 번동3단지 버스정류장,11,서울특별시 강북구 서울 강북구 번동 255도,,37.62868500,127.04390717,0,0,1659
1659,강서구,ST-2611,03754,신방화역 8번출구,3754. 신방화역 8번출구,10,서울특별시 강서구 초원로16길 3-9 안성빌라,,37.56740570,126.81621552,0,0,1660
1660,강서구,ST-2612,03755,어위쉬예다인오피스텔,3755. 어위쉬예다인오피스텔,10,서울특별시 강서구 양천로452,,37.56301117,126.85100555,0,0,1661
1661,강서구,ST-2613,03764,관문주유소(GS칼택스) 앞,3764. 관문주유소(GS칼택스) 앞,10,서울특별시 강서구 강서구 공항대로 308,,37.55802917,126.84183502,0,0,1662
1662,관악구,ST-2614,03803,남서울중학교,3803. 남서울중학교,7,서울특별시 관악구 남부순환로1537,,37.48313141,126.92135620,0,0,1663
1663,관악구,ST-2615,03804,낙성대공원,3804. 낙성대공원,10,서울특별시 관악구 봉천동 269-4,,37.47185516,126.95871735,0,0,1664
1664,관악구,ST-2616,03806,낙성대 교수아파트,3806. 낙성대 교수아파트,10,서울특별시 관악구 낙성대로101 맞은편,,37.46895981,126.95765686,0,0,1665
1665,관악구,ST-2617,03807,관악우체국 교차로,3807. 관악우체국 교차로,12,서울특별시 관악구 남부순환로1653,,37.48497391,126.93437195,0,0,1666
1666,관악구,ST-2618,03810,신봉천주유소 B,3810. 신봉천주유소 B,10,서울특별시 관악구 남부순환로 1880 SK주유소,,37.47888184,126.95841980,0,0,1667
1667,송파구,ST-2619,04454,위례 포레샤인 1809동 부근,4454. 위례 포레샤인 1809동 부근,15,서울특별시 송파구 거여동 657-12,,37.48687744,127.15269470,0,0,1668
1668,동대문구,ST-262,00602,장안동 사거리,602. 장안동 사거리,10,서울특별시 동대문구 장한로 25길 2,장안동 사거리,37.57217407,127.07138824,0,0,1669
1669,송파구,ST-2620,04853,송파 안전체험교육관,4853. 송파 안전체험교육관,10,서울특별시 송파구 성내천로35길 53,,37.50003433,127.15924835,0,0,1670
1670,송파구,ST-2621,04857,올림픽공원 장미광장,4857. 올림픽공원 장미광장,15,서울특별시 송파구 방이동 88-18,,37.51275635,127.12629700,0,0,1671
1671,종로구,ST-2622,04709,천지인 오피스텔 앞,4709. 천지인 오피스텔 앞,5,서울특별시 종로구 평창동 290-15,,37.60469818,126.96451569,0,0,1672
1672,종로구,ST-2623,04713,현대 뜨레비앙 아파트 앞,4713. 현대 뜨레비앙 아파트 앞,7,서울특별시 종로구 돈화문로11가길 59,,37.57528305,126.99062347,0,0,1673
1673,중구,ST-2624,04752,삼성사이버빌리지아파트,4752. 삼성사이버빌리지아파트,7,서울특별시 중구 중림로 10 중림동 삼성 사이버 빌리지,,37.55891418,126.96485901,0,0,1674
1674,중구,ST-2625,04792,퇴계로4가 교차로(중구청),4792. 퇴계로4가 교차로(중구청),10,서울특별시 중구 퇴계로 235 남산 센트럴 자이,,37.56252670,126.99831390,0,0,1675
1675,중구,ST-2626,04793,동대문역사문화공원역 5번출구,4793. 동대문역사문화공원역 5번출구,10,서울특별시 중구 광희동 1가 202-5,,37.56430817,127.00647736,0,0,1676
1676,강서구,ST-2627,03799,국립항공박물관,3799. 국립항공박물관,5,서울특별시 강서구 하늘길 112,,37.55688477,126.80926514,0,0,1677
1677,중랑구,ST-2628,04802,새우개마을,4802. 새우개마을,8,서울특별시 중랑구 신내동278-50,,37.61571121,127.10104370,0,0,1678
1678,중랑구,ST-2629,04803,상봉2동 주민센터 앞,4803. 상봉2동 주민센터 앞,5,서울특별시 중랑구 상봉동 163-10,,37.59287262,127.08032990,0,0,1679
1679,동대문구,ST-263,00603,동대문구 체육관,603. 동대문구 체육관,10,서울특별시 동대문구 답십리로 210-3,동대문구 체육관,37.57265472,127.06363678,0,0,1680
1680,중랑구,ST-2630,04804,동서울농협 앞,4804. 동서울농협 앞,9,서울특별시 중랑구 망우로 290,,37.59596252,127.08477783,0,0,1681
1681,중랑구,ST-2631,04807,라코지스테이 앞,4807. 라코지스테이 앞,8,서울특별시 중랑구 망우로232,,37.59432602,127.07846069,0,0,1682
1682,중랑구,ST-2632,04808,신내2동 주민센터 앞,4808. 신내2동 주민센터 앞,8,서울특별시 중랑구 봉화산로 190,,37.60641098,127.09404755,0,0,1683
1683,중랑구,ST-2633,04809,"동성1,2차 아파트 앞","4809. 동성1,2차 아파트 앞",8,서울특별시 중랑구 신내로 126 동성아파트,,37.61022568,127.09628296,0,0,1684
1684,중랑구,ST-2634,04811,한양수자인아파트 앞,4811. 한양수자인아파트 앞,10,서울특별시 중랑구 면목동 1085-1,,37.58032227,127.09415436,0,0,1685
1685,중랑구,ST-2635,04812,묵동 이마트 앞,4812. 묵동 이마트 앞,10,서울특별시 중랑구 묵동 170-45,,37.61321640,127.07734680,0,0,1686
1686,중랑구,ST-2636,04813,망우지구대,4813. 망우지구대,10,서울특별시 중랑구 망우로 400,,37.59877777,127.09638977,0,0,1687
1687,금천구,ST-2637,03956,대륭테크노타운21차 앞,3956. 대륭테크노타운21차 앞,10,서울특별시 금천구 범안로 1126(안양천 연결 엘리베이터),,37.46557617,126.88724518,0,0,1688
1688,금천구,ST-2638,03958,롯데캐슬2차 마을버스 정류장(18804) 뒤편,3958. 롯데캐슬2차 마을버스 정류장(18804) 뒤편,10,서울특별시 금천구 시흥동 113-77 자전거도로 시작점 뒤,,37.45739746,126.89341736,0,0,1689
1689,금천구,ST-2639,03959,시흥사거리(시흥동 994-3 앞),3959. 시흥사거리(시흥동 994-3 앞),10,서울특별시 금천구 시흥동 1000-48 알레르망 가게 앞,,37.45415115,126.90045166,0,0,1690
1690,동대문구,ST-264,00604,답십리초등학교 옆 공원,604. 답십리초등학교 옆 공원,15,서울특별시 동대문구 전농로3길 23,답십리초등학교 옆 공원,37.56965637,127.05596161,0,0,1691
1691,금천구,ST-2641,03963,에이스 하드웨어(시흥대로 396) 앞,3963. 에이스 하드웨어(시흥대로 396) 앞,10,서울특별시 금천구 독산동 1080-1 에이스하드웨어 정문 앞,,37.46865845,126.89826202,0,0,1692
1692,금천구,ST-2642,03966,독산역1번출구 B,3966. 독산역1번출구 B,8,서울특별시 금천구 독산동1081-4(독산역마을버스정류장 뒤 자전거 거치대 옆),,37.46709442,126.88920593,0,0,1693
1693,영등포구,ST-2643,04579,국회의사당 본관,4579. 국회의사당 본관,10,서울특별시 영등포구 영등포구 의사당대로 1,,37.53257370,126.91404724,0,0,1694
1694,영등포구,ST-2644,04580,국회제2의원회관,4580. 국회제2의원회관,12,서울특별시 영등포구 영등포구 의사당대로 1,,37.52974701,126.91316986,0,0,1695
1695,영등포구,ST-2645,04581,국회소통관,4581. 국회소통관,12,서울특별시 영등포구 영등포구 의사당대로 1,,37.53050232,126.91289520,0,0,1696
1696,영등포구,ST-2646,04582,국회도서관,4582. 국회도서관,12,서울특별시 영등포구 영등포구 의사당대로 1,,37.53054047,126.91817474,0,0,1697
1697,영등포구,ST-2647,04583,의정관,4583. 의정관,12,서울특별시 영등포구 영등포구 의사당대로 1,,37.53214645,126.91747284,0,0,1698
1698,영등포구,ST-2648,04584,국회2문,4584. 국회2문,6,서울특별시 영등포구 영등포구 의사당대로 1,,37.52864075,126.91510773,0,0,1699
1699,동작구,ST-2649,04152,상도효성해링턴플레이스,4152. 상도효성해링턴플레이스,10,서울특별시 동작구 상도동25-41(마을버스정류소20803 옆),,37.50543213,126.94151306,0,0,1700
1700,동대문구,ST-265,00605,신설동역8번출구,605. 신설동역8번출구,8,서울특별시 동대문구 천호대로 26,신설동역9번출구,37.57419968,127.02649689,0,0,1701
1701,동작구,ST-2650,04153,흑석동효사정앞,4153. 흑석동효사정앞,10,서울특별시 동작구 흑석동143-57,,37.51120377,126.96128082,0,0,1702
1702,동작구,ST-2651,04158,노량진근린공원,4158. 노량진근린공원,10,서울특별시 동작구 여의대방로36길71,,37.50680542,126.92850494,0,0,1703
1703,동작구,ST-2652,04162,노량진1동 청소년독서실,4162. 노량진1동 청소년독서실,10,서울특별시 동작구 노량진동 329,,37.50785828,126.94713593,0,0,1704
1704,동작구,ST-2653,04167,구로교 아래,4167. 구로교 아래,25,서울특별시 동작구 신대방동 702-2,,37.48500824,126.90350342,0,0,1705
1705,동작구,ST-2654,04169,신대방삼거리,4169. 신대방삼거리,10,서울특별시 동작구 보라매로 99,,37.49845505,126.92797852,0,0,1706
1706,서초구,ST-2655,04303,매헌역 2번출구앞광역버스 정류장앞(22-297),4303. 매헌역 2번출구앞광역버스 정류장앞(22-297),8,서울특별시 서초구 강남대로18길25(삼덕빌딩) 앞,,37.47171783,127.03888702,0,0,1707
1707,서초구,ST-2656,04304,서울고앞,4304. 서울고앞,10,서울특별시 서초구 서초동1526-1,,37.48339462,127.00736237,0,0,1708
1708,서초구,ST-2657,04305,서일스포츠센터,4305. 서일스포츠센터,8,서울특별시 서초구 서초동 1313-12,,37.49801636,127.02222443,0,0,1709
1709,서초구,ST-2658,04306,서래공원 앞,4306. 서래공원 앞,10,서울특별시 서초구 반포동63-6,,37.50150681,127.00347900,0,0,1710
1710,서초구,ST-2659,04307,고투몰 gate 15옆,4307. 고투몰 gate 15옆,10,서울특별시 서초구 반포동20-45,,37.50723267,127.00945282,0,0,1711
1711,동대문구,ST-266,00606,휘경공고앞,606. 휘경공고앞,15,서울특별시 동대문구 겸재로 21,휘경공고앞,37.58462524,127.07028961,0,0,1712
1712,서초구,ST-2660,04308,신반포상가 입구(아크로리버파크입구 건너편),4308. 신반포상가 입구(아크로리버파크입구 건너편),10,서울특별시 서초구 신반포로15길 29 신반포상가,,37.50524521,126.99416351,0,0,1713
1713,서초구,ST-2661,04309,서초케이타운앞,4309. 서초케이타운앞,5,서울특별시 서초구 내곡동 333-6,,37.45766449,127.05931854,0,0,1714
1714,서초구,ST-2662,04310,염곡동(염통골) 입구,4310. 염곡동(염통골) 입구,6,서울특별시 서초구 헌릉로 73 서초경찰서 염곡치안센터,,37.46220779,127.04867554,0,0,1715
1715,서초구,ST-2663,04312,반포미도2차아파트 옆,4312. 반포미도2차아파트 옆,10,서울특별시 서초구 반포동60-1,,37.50320435,127.00653076,0,0,1716
1716,서초구,ST-2664,04313,반포종합운동장,4313. 반포종합운동장,10,서울특별시 서초구 반포동15-2,,37.49979782,126.99646759,0,0,1717
1717,서초구,ST-2665,04314,탑성마을 버스정거장 옆,4314. 탑성마을 버스정거장 옆,10,서울특별시 서초구 염곡동 189-19,,37.45916748,127.05544281,0,0,1718
1718,서초구,ST-2666,04315,이투스교육 앞,4315. 이투스교육 앞,10,서울특별시 서초구 서초동 1354-3,,37.48389053,127.02905273,0,0,1719
1719,서초구,ST-2667,04316,고속터미널역 3번출구,4316. 고속터미널역 3번출구,25,서울특별시 서초구 반포동 118-3,,37.50365829,127.00594330,0,0,1720
1720,서초구,ST-2668,04317,양재근린공원,4317. 양재근린공원,5,서울특별시 서초구 양재동 310-6,,37.47039795,127.04241180,0,0,1721
1721,서초구,ST-2669,04318,방배역 2번 출구,4318. 방배역 2번 출구,5,서울특별시 서초구 방배동 981-16,,37.48116684,126.99758911,0,0,1722
1722,동대문구,ST-267,00607,신이문역 2번출구,607. 신이문역 2번출구,15,서울특별시 동대문구 이문동186-1,신이문역 2번출구,37.60271072,127.06786346,0,0,1723
1723,강남구,ST-2670,03603,삼성역 2번출구,3603. 삼성역 2번출구,10,서울특별시 강남구 영동대로 432-2,,37.50820160,127.06396484,0,0,1724
1724,강남구,ST-2671,03604,삼성중앙역 5번출구,3604. 삼성중앙역 5번출구,15,서울특별시 강남구 봉은사로 502,,37.51296234,127.05386353,0,0,1725
1725,강남구,ST-2672,03605,봉은사역6번출구(현대아이파크타워앞),3605. 봉은사역6번출구(현대아이파크타워앞),10,서울특별시 강남구 삼성동160,,37.51390839,127.06072998,0,0,1726
1726,강남구,ST-2673,03606,신사동주민센터 옆,3606. 신사동주민센터 옆,10,서울특별시 강남구 압구정로 130,,37.52422714,127.02285004,0,0,1727
1727,강남구,ST-2674,03609,언주초등학교 입구,3609. 언주초등학교 입구,16,서울특별시 강남구 남부순환로 2641 HILLSTATE GALLALY,,37.48536682,127.03849792,0,0,1728
1728,강남구,ST-2675,03610,윗반마을 입구,3610. 윗반마을 입구,10,서울특별시 강남구 세곡동 97-3,,37.46534729,127.10880280,0,0,1729
1729,강남구,ST-2676,03611,방죽마을 입구,3611. 방죽마을 입구,16,서울특별시 강남구 율현동 265-5,,37.47123337,127.10721588,0,0,1730
1730,강남구,ST-2677,03612,은곡마을,3612. 은곡마을,10,서울특별시 강남구 세곡동 548(도담공원~행복공원 사이),,37.46726227,127.09801483,0,0,1731
1731,강남구,ST-2678,03614,은마아파트 입구 사거리,3614. 은마아파트 입구 사거리,10,서울특별시 강남구 삼성로 237,,37.49840164,127.06093597,0,0,1732
1732,강남구,ST-2679,03615,서울 논현동우체국 앞,3615. 서울 논현동우체국 앞,10,서울특별시 강남구 학동로212,,37.51446152,127.03260040,0,0,1733
1733,동대문구,ST-268,00608,전농삼성아파트,608. 전농삼성아파트,10,서울특별시 동대문구 전농로 192,전농삼성아파트,37.58131027,127.05534363,0,0,1734
1734,강남구,ST-2680,03616,역삼중학교 앞(체육관 방향),3616. 역삼중학교 앞(체육관 방향),10,서울특별시 강남구 도곡로43길 10,,37.49526215,127.04950714,0,0,1735
1735,강남구,ST-2681,03618,서울율현초교 삼거리,3618. 서울율현초교 삼거리,10,서울특별시 강남구 자곡동 672,,37.47364044,127.10702515,0,0,1736
1736,강남구,ST-2682,03620,청담역 11번 출구,3620. 청담역 11번 출구,10,서울특별시 강남구 학동로87길 7,,37.51925659,127.05159760,0,0,1737
1737,강남구,ST-2683,03621,휘문고교 사거리,3621. 휘문고교 사거리,10,서울특별시 강남구 영동대로 319 GS자이 갤러리,,37.50286484,127.06594086,0,0,1738
1738,강남구,ST-2684,03622,은마아파트입구 사거리(1),3622. 은마아파트입구 사거리(1),7,서울특별시 강남구 삼성로 312,,37.49986649,127.06050110,0,0,1739
1739,강남구,ST-2685,03623,일원에코파크 앞(개포로 방면),3623. 일원에코파크 앞(개포로 방면),10,서울특별시 강남구 일원동 700-8,,37.49587631,127.08650208,0,0,1740
1740,강남구,ST-2686,03624,대모산입구역 7번 출구 앞,3624. 대모산입구역 7번 출구 앞,10,서울특별시 강남구 개포로 522(사진참고),,37.49017715,127.07305908,0,0,1741
1741,강남구,ST-2688,03627,압구정나들목,3627. 압구정나들목,10,서울특별시 강남구 압구정동 507,,37.53075027,127.04160309,0,0,1742
1742,강남구,ST-2689,03628,역삼1동 주민센터,3628. 역삼1동 주민센터,10,서울특별시 강남구 역삼로7길 16 역삼1문화센터,,37.49521255,127.03302765,0,0,1743
1743,동대문구,ST-269,00609,제기2교,609. 제기2교,30,서울특별시 동대문구 제기동 122-388,,37.58774567,127.03738403,0,0,1744
1744,강남구,ST-2690,03629,청담사거리(신한오피스텔빌딩 앞),3629. 청담사거리(신한오피스텔빌딩 앞),4,서울특별시 강남구 도산대로 510 신한 오피스텔,,37.52416229,127.04895020,0,0,1745
1745,강남구,ST-2691,03630,개포우성6차아파트 정문 앞,3630. 개포우성6차아파트 정문 앞,10,서울특별시 강남구 언주로 3,,37.47685623,127.05536652,0,0,1746
1746,양천구,ST-2692,04528,양천구청역 1번출구,4528. 양천구청역 1번출구,8,서울특별시 양천구 양천구 신정동 276-7,,37.51292038,126.86679840,0,0,1747
1747,중구,ST-2693,04796,부산은행,4796. 부산은행,10,서울특별시 중구 무교로 6,,37.56647110,126.97925568,0,0,1748
1748,영등포구,ST-2694,04585,국회6문,4585. 국회6문,6,서울특별시 영등포구 영등포구 의사당대로 1,,37.53271866,126.91799164,0,0,1749
1749,강동구,ST-2696,03676,강동리엔파크9단지,3676. 강동리엔파크9단지,10,서울특별시 강동구 강일동 475-2,,37.55736542,127.18013763,0,0,1750
1750,강동구,ST-2697,03685,강동리엔파크14단지(1401동 앞),3685. 강동리엔파크14단지(1401동 앞),15,서울특별시 강동구 강동구 상일동 25-1,,37.55212402,127.18064117,0,0,1751
1751,노원구,ST-2698,04002,상계주공 14단지 상가 앞,4002. 상계주공 14단지 상가 앞,10,서울특별시 노원구 (도로명) 서울 노원구 동일로 228길 23,,37.66963577,127.05970764,0,0,1752
1752,노원구,ST-2699,04003,상계초교 입구 교차로 명주빌딩 앞,4003. 상계초교 입구 교차로 명주빌딩 앞,15,서울특별시 노원구 서울 노원구 노원로 449,,37.65680313,127.06657410,0,0,1753
1753,마포구,ST-27,00125,서강대 남문 옆,125. 서강대 남문 옆,15,서울특별시 마포구 백범로 35,1-30,37.54948425,126.93894958,0,0,1754
1754,동대문구,ST-270,00610,동대문중 교차로,610. 동대문중 교차로,10,서울특별시 동대문구 답십리동 524-1,동대문중 교차로,37.57308578,127.05216217,0,0,1755
1755,노원구,ST-2700,04004,당고개입구오거리 당현천변,4004. 당고개입구오거리 당현천변,10,서울특별시 노원구 서울 노원구 중계동 140-46,,37.66260529,127.07557678,0,0,1756
1756,노원구,ST-2701,04005,중계2차 한화꿈에그린 101동 인근,4005. 중계2차 한화꿈에그린 101동 인근,10,서울특별시 노원구 서울 노원구 덕릉로83길 5,,37.65955734,127.07525635,0,0,1757
1757,노원구,ST-2702,04007,노원 을지대학교 병원,4007. 노원 을지대학교 병원,9,서울특별시 노원구 서울 노원구 한글비석로 68,,37.63666916,127.06969452,0,0,1758
1758,노원구,ST-2703,04008,하계 어린이 공원,4008. 하계 어린이 공원,10,서울특별시 노원구 동일로 1197-2 가로판매대,,37.63341522,127.06916046,0,0,1759
1759,노원구,ST-2704,04009,월계프라자,4009. 월계프라자,20,서울특별시 노원구 초안산로5길 22 대우아파트,,37.63284302,127.05213165,0,0,1760
1760,노원구,ST-2705,04011,월계 센트럴 아이파크,4011. 월계 센트럴 아이파크,10,서울특별시 노원구 서울 노원구 초안산로2라길 26,,37.62917328,127.05693054,0,0,1761
1761,노원구,ST-2706,04013,중계 롯데마트,4013. 중계 롯데마트,20,서울특별시 노원구 서울 노원구 노원로 330,,37.64584351,127.07075500,0,0,1762
1762,노원구,ST-2707,04014,당고개역 3번 출구,4014. 당고개역 3번 출구,10,서울특별시 노원구 서울 노원구 상계로 305 ,,37.67030334,127.07884216,0,0,1763
1763,노원구,ST-2708,04017,월계 청백1단지 아파트 정류장,4017. 월계 청백1단지 아파트 정류장,20,서울특별시 노원구 초안산로 89 월계청백1단지아파트,,37.63459396,127.05206299,0,0,1764
1764,노원구,ST-2709,04018,상계주공15단지 버스정류소,4018. 상계주공15단지 버스정류소,8,서울특별시 노원구 서울 노원구 상계동 650,,37.66782761,127.05683899,0,0,1765
1765,동대문구,ST-271,00612,시립동부병원 앞 사거리,612. 시립동부병원 앞 사거리,20,서울특별시 동대문구 용두동 237-10 ,시립동부병원 앞 사거리,37.57366562,127.03081512,0,0,1766
1766,노원구,ST-2710,04019,상계주공10단지 버스정류소,4019. 상계주공10단지 버스정류소,7,서울특별시 노원구 서울 노원구 상계동 694-1,,37.66214371,127.05819702,0,0,1767
1767,노원구,ST-2711,04020,중계동 성모빌딩 앞,4020. 중계동 성모빌딩 앞 ,10,서울특별시 노원구 한글비석로 263 성모빌딩,,37.65116119,127.07659149,0,0,1768
1768,노원구,ST-2712,04021,중계본동 입구,4021. 중계본동 입구,10,서울특별시 노원구 서울 노원구 중계로 90,,37.64426041,127.08331299,0,0,1769
1769,노원구,ST-2713,04023,월계역 1번 출구,4023. 월계역 1번 출구,10,서울특별시 노원구 월계동 263-6,,37.63441086,127.05886841,0,0,1770
1770,노원구,ST-2714,04024,꿈의숲 SK뷰 아파트,4024. 꿈의숲 SK뷰 아파트,10,서울특별시 노원구 서울시 노원구 월계로 42길97,,37.62045288,127.05445099,0,0,1771
1771,노원구,ST-2715,04025,한천교 동편,4025. 한천교 동편,10,서울특별시 노원구 서울 노원구 공릉동 547-1,,37.62533569,127.07019043,0,0,1772
1772,노원구,ST-2716,04026,상계주공1단지아파트,4026. 상계주공1단지아파트,10,서울특별시 노원구 덕릉로459-21,,37.64795303,127.05793762,0,0,1773
1773,노원구,ST-2717,04028,한일유앤아이아파트 105동 인근,4028. 한일유앤아이아파트 105동 인근,10,서울특별시 노원구 노원구 상계동 197-38,,37.65351868,127.07130432,0,0,1774
1774,노원구,ST-2718,04029,청소년수련관 후문,4029. 청소년수련관 후문,8,서울특별시 노원구 노원구 중계동 504-2,,37.63966370,127.06041718,0,0,1775
1775,노원구,ST-2719,04032,불암주유소 앞,4032. 불암주유소 앞,10,서울특별시 노원구 서울 노원구 한글비석로 268,,37.65149689,127.07704163,0,0,1776
1776,동대문구,ST-272,00613,신설동역 10번출구 앞,613. 신설동역 10번출구 앞,8,서울특별시 동대문구 신설동 92-34,신설동역 10번출구 앞,37.57527161,127.02346802,0,0,1777
1777,노원구,ST-2720,04033,녹천역 4번 출구 옆,4033. 녹천역 4번 출구 옆,9,서울특별시 노원구 서울 노원구 월계동 700-6,,37.64292908,127.05194855,0,0,1778
1778,노원구,ST-2721,04034,상계근린공원 운동장 앞,4034. 상계근린공원 운동장 앞,12,서울특별시 노원구 상계동 620,,37.67086792,127.05113983,0,0,1779
1779,도봉구,ST-2722,04054,창동한신아파트 버스정류소,4054. 창동한신아파트 버스정류소,10,서울특별시 도봉구 도봉로110길 25 맞은편,,37.64601898,127.03527069,0,0,1780
1780,도봉구,ST-2723,04058,다락원체육공원 전망대 입구,4058. 다락원체육공원 전망대 입구,15,서울특별시 도봉구 도봉구 도봉동 1-22,,37.69101334,127.04916382,0,0,1781
1781,도봉구,ST-2724,04062,평화도봉공원 주변,4062. 평화도봉공원 주변,9,서울특별시 도봉구 방학동 710,,37.66252136,127.04270935,0,0,1782
1782,도봉구,ST-2725,04064,신창아파트 입구 앞,4064. 신창아파트 입구 앞,10,서울특별시 도봉구 도봉구 덕릉로62길 14,,37.64051056,127.04082489,0,0,1783
1783,도봉구,ST-2726,04065,창동역 1번출구 앞,4065. 창동역 1번출구 앞,15,서울특별시 도봉구 도봉구 창동 1-12,,37.65373611,127.04929352,0,0,1784
1784,도봉구,ST-2727,04074,도봉구육아종합지원센터(창동),4074. 도봉구육아종합지원센터(창동),10,서울특별시 도봉구 도봉구 우이천로4길 24-5,,37.63342667,127.04116058,0,0,1785
1785,송파구,ST-2728,04863,잠실나들목5,4863. 잠실나들목5,7,서울특별시 송파구 백제고분로 11 신천중학교,,37.51640320,127.07761383,0,0,1786
1786,노원구,ST-2729,04031,청암예술학교 앞,4031. 청암예술학교 앞,10,서울특별시 노원구 덕릉로76길 18 원광초등학교,,37.65153503,127.07327271,0,0,1787
1787,동대문구,ST-273,00614,용두동 사거리,614. 용두동 사거리,23,서울특별시 동대문구 용두동 237-10,용두동 사거리,37.57768631,127.03101349,0,0,1788
1788,도봉구,ST-2730,04073,방아골종합사회복지관,4073.방아골종합사회복지관,10,서울특별시 도봉구 방학동 606-5,,37.66927338,127.03243256,0,0,1789
1789,성북구,ST-2731,04406,장곡초등학교 앞,4406. 장곡초등학교 앞,10,서울특별시 성북구 장위동 237-132,,37.61745453,127.04844666,0,0,1790
1790,강동구,ST-2732,03657,서울천호동우체국,3657. 서울천호동우체국,12,서울특별시 강동구 구천면로 192 천호역 한강 푸르지오시티,,37.54074097,127.12576294,0,0,1791
1791,강동구,ST-2733,03658,프라이어팰리스아파트,3658. 프라이어팰리스아파트,10,서울특별시 강동구 강동구 고덕로 130,,37.55468750,127.13940430,0,0,1792
1792,강동구,ST-2734,03659,명일초등학교 옆,3659. 명일초등학교 옆,10,서울특별시 강동구 강동구 고덕로38길 8,,37.55464554,127.14253235,0,0,1793
1793,강동구,ST-2736,03661,명일동신동아아파트 앞,3661. 명일동신동아아파트 앞,10,서울특별시 강동구 고덕로 227 배재고등학교,,37.55483246,127.15173340,0,0,1794
1794,강동구,ST-2737,03663,암사정수센터교차로(강동롯데캐슬퍼스트아파트),3663. 암사정수센터교차로(강동롯데캐슬퍼스트아파트),10,서울특별시 강동구 암사동 414-22(강동롯데캐슬퍼스트아파트 107동 뒤편),,37.55845642,127.14415741,0,0,1795
1795,강동구,ST-2738,03664,맥도날드 서울둔촌DT점 앞,3664. 맥도날드 서울둔촌DT점 앞,12,서울특별시 강동구 양재대로 1382 맥도날드 둔촌DT,,37.52938843,127.13718414,0,0,1796
1796,강동구,ST-2739,03665,고덕센트럴 아이파크상가 앞,3665. 고덕센트럴 아이파크상가 앞,12,서울특별시 강동구 상일동 133,,37.55058289,127.16542053,0,0,1797
1797,동대문구,ST-274,00615,용두동 래미안허브리츠아파트 앞,615. 용두동 래미안허브리츠아파트 앞,25,서울특별시 동대문구 용두동 696-13 ,용두동 레미안허브리츠아파트 앞,37.57638168,127.03511047,0,0,1798
1798,강동구,ST-2740,03668,성내삼성아파트,3668. 성내삼성아파트,10,서울특별시 강동구 풍성로 136 성내동삼성아파트,,37.53137589,127.12707520,0,0,1799
1799,강동구,ST-2742,03671,둔촌동역교차로,3671. 둔촌동역교차로,10,서울특별시 강동구 양재대로 1377 삼원빌딩,,37.52926254,127.13649750,0,0,1800
1800,강동구,ST-2743,03673,강동리버스트6단지,3673. 강동리버스트6단지,10,서울특별시 강동구 아리수로93가길 77,,37.57095337,127.17174530,0,0,1801
1801,강동구,ST-2744,03674,강동리버스트7단지,3674. 강동리버스트7단지,10,서울특별시 강동구 아리수로93가길 70,,37.57073975,127.17215729,0,0,1802
1802,강동구,ST-2745,03675,강동리버스트8단지,3675. 강동리버스트8단지,20,서울특별시 강동구 강일동 80번지 일대,,37.57180405,127.17446899,0,0,1803
1803,강동구,ST-2746,03677,강동구음식물재활용센터,3677. 강동구음식물재활용센터,6,서울특별시 강동구 아리수로87가길 275 강동구음식물재활용센터,,37.56953812,127.15859985,0,0,1804
1804,강동구,ST-2747,03656,둔촌푸르지오아파트,3656. 둔촌푸르지오아파트,20,서울특별시 강동구 명일로 176 둔촌푸르지오아파트,,37.53407288,127.14500427,0,0,1805
1805,강동구,ST-2748,03680,강동역3번출구,3680. 강동역3번출구,6,서울특별시 강동구 강동구 성내동 192-8,,37.53541565,127.13309479,0,0,1806
1806,강동구,ST-2749,03681,길동 마루빌딩,3681. 길동 마루빌딩,10,서울특별시 강동구 양재대로 1465 마루홈타운,,37.53685379,127.13948822,0,0,1807
1807,동대문구,ST-275,00616,서울시립대 정문 앞 A,616. 서울시립대 정문 앞 A,10,서울특별시 동대문구 전농동 135-5,시립대 앞,37.58256149,127.05436707,0,0,1808
1808,강동구,ST-2750,03682,길동 동호빌딩,3682. 길동 동호빌딩,10,서울특별시 강동구 양재대로 1522,,37.54154587,127.14147949,0,0,1809
1809,강동구,ST-2751,03683,KT&G강동지사,3683. KT&G강동지사,10,서울특별시 강동구 양재대로 1544,,37.54370880,127.14228058,0,0,1810
1810,강서구,ST-2752,03770,남부순환로 205,3770. 남부순환로 205,10,서울특별시 강서구 남부순환로 205,,37.54739761,126.82141113,0,0,1811
1811,구로구,ST-2753,03908,오류동 다숲오피스텔 앞,3908. 오류동 다숲오피스텔 앞,10,서울특별시 구로구 오류동 332-37,,37.49267197,126.84162140,0,0,1812
1812,노원구,ST-2754,04016,노원 마들스타디움,4016. 노원 마들스타디움,10,서울특별시 노원구 서울 노원구 덕릉로 450,,37.64530945,127.05744171,0,0,1813
1813,송파구,ST-2755,04861,거여삼거리,4861. 거여삼거리,7,서울특별시 송파구 마천동 307-1,,37.49308395,127.15203857,0,0,1814
1814,송파구,ST-2756,04862,성내교 남단,4862. 성내교 남단,10,서울특별시 송파구 신천동 26,,37.52301788,127.11588287,0,0,1815
1815,송파구,ST-2757,04860,가락쌍용2차아파트 103동,4860. 가락쌍용2차아파트 103동,7,서울특별시 송파구 가락동 22-7,,37.50226974,127.12195587,0,0,1816
1816,양천구,ST-2759,04507,신정제일시장,4507. 신정제일시장,10,서울특별시 양천구 신월로 308,,37.52124786,126.85495758,0,0,1817
1817,동대문구,ST-276,00617,청솔우성아파트 앞,617. 청솔우성아파트 앞,20,서울특별시 동대문구 답십리동 94-2 ,청솔우성아파트 앞,37.57420349,127.05769348,0,0,1818
1818,양천구,ST-2760,04508,유원목동아파트 103동 앞,4508. 유원목동아파트 103동 앞,10,서울특별시 양천구 목동동로 180 신정동 아이파크,,37.52109528,126.87320709,0,0,1819
1819,양천구,ST-2761,04509,서울영상고교 입구,4509. 서울영상고교 입구,15,서울특별시 양천구 신월로 342-1 구두수선대19,,37.52198029,126.85928345,0,0,1820
1820,양천구,ST-2762,04510,신정네거리역 교차로,4510. 신정네거리역 교차로,13,서울특별시 양천구 중앙로 284 동성빌딩,,37.52175903,126.85228729,0,0,1821
1821,양천구,ST-2763,04512,목동13_14단지 사거리,4512. 목동13_14단지 사거리,15,서울특별시 양천구 목동동로 130,,37.51406860,126.86998749,0,0,1822
1822,양천구,ST-2764,04514,목동성당 앞,4514. 목동성당 앞,20,서울특별시 양천구 목동서로 271,,37.52319717,126.86930084,0,0,1823
1823,양천구,ST-2765,04515,동문굿모닝탑,4515. 동문굿모닝탑,10,서울특별시 양천구 목동동로 53 동문굿모닝탑Ⅰ,,37.51481247,126.86117554,0,0,1824
1824,양천구,ST-2766,04516,신진빌라,4516. 신진빌라,5,서울특별시 양천구 남부순환로53길 7,,37.53528214,126.83000946,0,0,1825
1825,양천구,ST-2767,04517,성보하이드로빌딩,4517. 성보하이드로빌딩,10,서울특별시 양천구 남부순환로 435,,37.52893829,126.83312225,0,0,1826
1826,양천구,ST-2768,04518,청기와빌딩,4518. 청기와빌딩,10,서울특별시 양천구 신월로 200,,37.52011108,126.84474945,0,0,1827
1827,양천구,ST-2769,04519,양원보도육교,4519. 양원보도육교,8,서울특별시 양천구 화곡로 16,,37.53924561,126.82373810,0,0,1828
1828,영등포구,ST-277,00227,양평2나들목 보행통로 입구,227. 양평2나들목 보행통로 입구,20,서울특별시 영등포구 양화동 17-4,양평2나들목 보행통로 입구,37.54466629,126.88835907,0,0,1829
1829,양천구,ST-2770,04520,대성유니드아파트,4520. 대성유니드아파트,10,서울특별시 양천구 신월로15길 25,,37.52091599,126.84095764,0,0,1830
1830,양천구,ST-2771,04522,신곡시장,4522. 신곡시장,10,서울특별시 양천구 신월로 160,,37.51779556,126.84161377,0,0,1831
1831,양천구,ST-2772,04523,구립양천어르신요양센터,4523. 구립양천어르신요양센터,20,서울특별시 양천구 신월로 24 양천도시농업공원 관리사무소,,37.51351166,126.82681274,0,0,1832
1832,양천구,ST-2773,04526,목동아파트2단지 222동 앞,4526. 목동아파트2단지 222동 앞,10,서울특별시 양천구 양천구 목동중앙로 125건너편,,37.53968811,126.87498474,0,0,1833
1833,양천구,ST-2774,04527,목동신시가지아파트6단지,4527. 목동신시가지아파트6단지,15,서울특별시 양천구 목동동로 430 목동신시가지아파트6단지,,37.53684616,126.88475037,0,0,1834
1834,은평구,ST-2775,04657,본 서부병원 교차로 사거리,4657. 본 서부병원 교차로 사거리,17,서울특별시 은평구 은평로127,,37.60049438,126.92215729,0,0,1835
1835,은평구,ST-2776,04658,녹번역1번출구앞,4658. 녹번역1번출구앞,10,서울특별시 은평구 통일로,,37.60176849,126.93542480,0,0,1836
1836,은평구,ST-2777,04659,신진과학기술고등학교 버스정류장(응암시장 방면),4659. 신진과학기술고등학교 버스정류장(응암시장 방면),10,서울특별시 은평구 응암로291,,37.59750366,126.91999817,0,0,1837
1837,은평구,ST-2778,04663,"불광역3,6호선 버스정류장(동명여고 방면)","4663. 불광역3,6호선 버스정류장(동명여고 방면)",10,서울특별시 은평구 통일로760,,37.61326218,126.92786407,0,0,1838
1838,은평구,ST-2779,04665,응암역3번 출구(서부경찰서 방면),4665. 응암역3번 출구(서부경찰서 방면),10,서울특별시 은평구 은평로85 CJ드림시티 A동,,37.59967041,126.91716003,0,0,1839
1839,영등포구,ST-278,00228,선유도역 3번출구 앞,228. 선유도역 3번출구 앞,10,서울특별시 영등포구 양평동4가 202-1,선유도역 3번출구 앞,37.53845978,126.89450836,0,0,1840
1840,은평구,ST-2780,04667,폭포동입구 교차로,4667. 폭포동입구 교차로,10,서울특별시 은평구 연서로,,37.62962723,126.93011475,0,0,1841
1841,은평구,ST-2781,04668,기자촌사거리 B,4668. 기자촌사거리 B,10,서울특별시 은평구 진관2로,,37.63390732,126.93177795,0,0,1842
1842,은평구,ST-2782,04671,청구성심병원 앞,4671. 청구성심병원 앞,10,서울특별시 은평구 통일로 873 청구성심병원,,37.62087631,126.91979980,0,0,1843
1843,은평구,ST-2783,04672,준빌딩 앞,4672. 준빌딩 앞,10,서울특별시 은평구 통일로 885,,37.62205124,126.91958618,0,0,1844
1844,은평구,ST-2784,04673,골드제련앞,4673. 골드제련앞,10,서울특별시 은평구 서오릉로78,,37.60722351,126.92213440,0,0,1845
1845,은평구,ST-2785,04674,녹번역e편한세상 캐슬 정문 앞,4674. 녹번역e편한세상 캐슬 정문 앞,10,서울특별시 은평구 은평로220,,37.60034561,126.93148041,0,0,1846
1846,중구,ST-2786,04794,서울역 서부교차로(3),4794. 서울역 서부교차로(3),8,서울특별시 중구 중구 한강대로 405,,37.55540848,126.96942139,0,0,1847
1847,성동구,ST-2787,04367,kt 행당빌딩 앞,4367. kt 행당빌딩 앞,5,서울특별시 성동구 성동구 고산자로 212,,37.55862045,127.03435516,0,0,1848
1848,강남구,ST-2788,03634,국악고교 앞 교차로,3634. 국악고교 앞 교차로,5,서울특별시 강남구 논현로 34,,37.47402191,127.04844666,0,0,1849
1849,강서구,ST-2789,03774,마곡9단지 910동 상가앞,3774. 마곡9단지 910동 상가앞,10,서울특별시 강서구 마곡동 744-2,,37.56108475,126.81679535,0,0,1850
1850,영등포구,ST-279,00229,양평1 보행육교 앞,229. 양평1 보행육교 앞,25,서울특별시 영등포구 양평동4가 20-4,양평1 보행육교 앞,37.53587341,126.89218140,0,0,1851
1851,강서구,ST-2790,03801,이랜드글로벌R&D센터,3801. 이랜드글로벌R&D센터,10,서울특별시 강서구 마곡동 780-8,,37.56719208,126.83475494,0,0,1852
1852,노원구,ST-2791,04027,한내 행복발전소 옆,4027. 한내 행복발전소 옆,10,서울특별시 노원구 서울 노원구 마들로3길 15 (월계동),,37.62741089,127.06214142,0,0,1853
1853,노원구,ST-2792,04036,하계역 6번출구,4036. 하계역 6번출구,9,서울특별시 노원구 노원구 하계동 273-5,,37.63793945,127.06715393,0,0,1854
1854,성북구,ST-2793,04408,돌곶이역 앞,4408. 돌곶이역 앞,19,서울특별시 성북구 화랑로 지하 243,,37.61131287,127.05759430,0,0,1855
1855,양천구,ST-2794,04530,방아다리어린이공원,4530. 방아다리어린이공원,10,서울특별시 양천구 양천구 화곡로 64,,37.53936005,126.82886505,0,0,1856
1856,중랑구,ST-2795,04815,중랑데시앙플렉스 앞,4815. 중랑데시앙플렉스 앞,8,서울 중랑구 신내역로3길 40-36,,37.61755371,127.10399628,0,0,1857
1857,송파구,ST-2796,04864,송파사거리,4864. 송파사거리,10,서울특별시 송파구 송파구 송파동 97-2,,37.50205612,127.11054993,0,0,1858
1858,송파구,ST-2797,04865,한성백제역 1번출구 뒤,4865. 한성백제역 1번출구 뒤,5,서울특별시 송파구 위례성대로 29 한성백제역,,37.51647949,127.11498260,0,0,1859
1859,송파구,ST-2798,04867,가락대림아파트 앞,4867. 가락대림아파트 앞,10,서울특별시 송파구 송파구 가락동 94-9,,37.50002670,127.11843109,0,0,1860
1860,도봉구,ST-2799,04077,도봉제1교,4077. 도봉제1교,6,서울특별시 도봉구 도봉동 86-1,,37.67984772,127.05038452,0,0,1861
1861,마포구,ST-28,00126,서강대 후문 옆,126. 서강대 후문 옆,20,서울특별시 마포구 대흥로 122,38-16,37.55041122,126.94384766,0,0,1862
1862,영등포구,ST-280,00231,남부고용노동지청 남측,231. 남부고용노동지청 남측,10,서울특별시 영등포구 양평동1가 115-2,남부고용노동지청 남측,37.52450562,126.89182281,0,0,1863
1863,영등포구,ST-2800,04576,보라매sk뷰 108동 앞,4576.보라매sk뷰 108동 앞,15,서울특별시 영등포구 신길동 4963-5,,37.50160599,126.91744995,0,0,1864
1864,영등포구,ST-2801,04578,보라매sk뷰,4578.보라매sk뷰,10,서울특별시 영등포구 신길동 4958-1,,37.50400543,126.92028046,0,0,1865
1865,강동구,ST-2802,03672,고덕중학교 후문,3672. 고덕중학교 후문,10,서울특별시 강동구 고덕동 224,,37.56066513,127.16128540,0,0,1866
1866,동작구,ST-2803,04175,대방역2번출구,4175. 대방역2번출구,10,서울특별시 동작구 대방동 106-3,,37.51262665,126.92741394,0,0,1867
1867,노원구,ST-2804,04035,휴플러스 수락한신아파트 101동 앞,4035. 휴플러스 수락한신아파트 101동 앞,6,서울특별시 노원구 상계동 996-2,,37.67436600,127.05947113,0,0,1868
1868,중구,ST-2805,04777,약수동 주민센터,4777. 약수동 주민센터,8,서울특별시 중구 다산로96,,37.55281448,127.00919342,0,0,1869
1869,영등포구,ST-2806,04552,코레일유통본사,4552. 코레일유통본사,10,서울특별시 영등포구 국회대로 612 코레일유통 사옥,,37.52617645,126.90197754,0,0,1870
1870,영등포구,ST-2807,04553,당산삼성2차아파트,4553. 당산삼성2차아파트,10,서울특별시 영등포구 당산로36길 12 당산2차삼성아파트,,37.52762222,126.89863586,0,0,1871
1871,영등포구,ST-2808,04555,대림우성2차아파트,4555. 대림우성2차아파트,10,서울특별시 영등포구 도림로47길 1 우성아파트,,37.49519348,126.90017700,0,0,1872
1872,영등포구,ST-2809,04558,대영중고 후문,4558. 대영중고 후문,10,서울특별시 영등포구 영등포구 가마산로 426,,37.50545502,126.90626526,0,0,1873
1873,영등포구,ST-281,00232,양평우림 이비즈센타 앞,232. 양평우림 이비즈센타 앞,20,서울특별시 영등포구 양평동3가 14-1,양평우림 이비즈센타 앞,37.52565002,126.88781738,0,0,1874
1874,영등포구,ST-2810,04559,신길역 2번출구,4559. 신길역 2번출구,10,서울특별시 영등포구 영등포구 신길동 42-7 ,,37.51756287,126.91698456,0,0,1875
1875,영등포구,ST-2811,04560,양평동성원아파트,4560. 양평동성원아파트,10,서울특별시 영등포구 양평로17길 36 성원아파트,,37.53419113,126.89301300,0,0,1876
1876,영등포구,ST-2812,04561,양평역 1번출구,4561. 양평역 1번출구,10,서울특별시 영등포구 영등포구 양평동3가 22-1,,37.52572632,126.88600159,0,0,1877
1877,영등포구,ST-2813,04563,여의도 은하아파트,4563. 여의도 은하아파트,10,서울특별시 영등포구 국제금융로 109-2 가로판매대59,,37.51850891,126.93448639,0,0,1878
1878,영등포구,ST-2814,04564,63스퀘어,4564. 63스퀘어,10,서울특별시 영등포구 63로 33-2 가로판매대56,,37.52070999,126.93965912,0,0,1879
1879,영등포구,ST-2815,04565,영등포 신세계백화점,4565. 영등포 신세계백화점,10,서울특별시 영등포구 영등포구 영등포4가 442-6,,37.51803589,126.90364838,0,0,1880
1880,영등포구,ST-2816,04566,대림성원상떼빌아파트,4566. 대림성원상떼빌아파트,15,서울특별시 영등포구 영등포구 대림로 256,,37.50384140,126.89615631,0,0,1881
1881,영등포구,ST-2817,04567,한림대학교 강남성심병원 신관,4567. 한림대학교 강남성심병원 신관,10,서울특별시 영등포구 영등포구 시흥대로 665,,37.49128342,126.90802002,0,0,1882
1882,영등포구,ST-2818,04568,영등포로터리,4568. 영등포로터리,10,서울특별시 영등포구 영등포구 영등포동2가 174-1,,37.51874924,126.91220856,0,0,1883
1883,영등포구,ST-2819,04569,힐스테이트클래시안아파트,4569. 힐스테이트클래시안아파트,10,서울특별시 영등포구 영등포구 신길동 242-193,,37.50508881,126.91334534,0,0,1884
1884,영등포구,ST-282,00233,양평1동 YP센터 앞,233. 양평1동 YP센터 앞,10,서울특별시 영등포구 양평동3가 60-1,한국연예사관 건물 앞,37.52848816,126.89164734,0,0,1885
1885,영등포구,ST-2820,04571,문래동롯데캐슬아파트,4571. 문래동롯데캐슬아파트,10,서울특별시 영등포구 영등포구 선유로9길 30,,37.51800156,126.88459778,0,0,1886
1886,영등포구,ST-2821,04573,두산위브아파트,4573. 두산위브아파트,10,서울특별시 영등포구 영등포동 649-1,,37.51470184,126.91213989,0,0,1887
1887,영등포구,ST-2822,04574,영등포시장역 포레나영등포,4574. 영등포시장역 포레나영등포,9,서울특별시 영등포구 국회대로50길 20 포레나 영등포,,37.52341461,126.90540314,0,0,1888
1888,영등포구,ST-2823,04575,대림동 e편한세상영등포아델포레,4575. 대림동 e편한세상영등포아델포레,10,서울특별시 영등포구 영등포구 대림동 917-49,,37.49582291,126.90835571,0,0,1889
1889,은평구,ST-2824,04676,갈현1동 주민센터,4676. 갈현1동 주민센터,9,서울특별시 은평구 은평구 갈현로 301,,37.62360764,126.91688538,0,0,1890
1890,은평구,ST-2825,04677,백련산 SK뷰 아이파크 해모로 아파트 앞,4677. 백련산 SK뷰 아이파크 해모로 아파트 앞,10,서울특별시 은평구 은평구 응암로 278 맞은편(응암동 767-1 공원 앞),,37.59612656,126.91962433,0,0,1891
1891,동작구,ST-2826,04171,우성아파트 앞,4171. 우성아파트 앞,14,서울특별시 동작구 시흥대로 676,,37.49157715,126.90881348,0,0,1892
1892,동작구,ST-2827,04173,중대후문 마을버스정류장,4173. 중대후문 마을버스정류장,7,서울특별시 동작구 매봉로 34,,37.50444412,126.95025635,0,0,1893
1893,구로구,ST-2828,03910,목양전원교회 앞 로터리,3910. 목양전원교회 앞 로터리,10,서울특별시 구로구 서울 구로구 항동 22-10,,37.48389053,126.82218170,0,0,1894
1894,구로구,ST-2829,03911,항동하버리안2단지아파트 후문,3911. 항동하버리안2단지아파트 후문,10,서울특별시 구로구 서울 구로구 항동 22-10,,37.48337555,126.82247925,0,0,1895
1895,영등포구,ST-283,00234,영등포구민체육센터 앞,234. 영등포구민체육센터 앞,10,서울특별시 영등포구 신길동 399 ,영등포구민체육센터 앞,37.50046158,126.90584564,0,0,1896
1896,광진구,ST-2830,03880,홍련봉 공원,3880. 홍련봉 공원,13,서울특별시 광진구 광진구 천호대로 717-18,,37.54896927,127.09352875,0,0,1897
1897,강서구,ST-2831,03762,마곡9단지 907동앞,3762. 마곡9단지 907동앞,10,서울특별시 강서구 공항대로 103,,37.56068420,126.81918335,0,0,1898
1898,강서구,ST-2832,03785,마곡14단지 1408동앞,3785. 마곡14단지 1408동앞,20,서울특별시 강서구 마곡중앙로 33 마곡엠밸리14단지,,37.55737305,126.82332611,0,0,1899
1899,송파구,ST-2833,04868,석촌호수 서호 남단,4868. 석촌호수 서호 남단,10,서울특별시 송파구 송파구 석촌동 158,,37.50717163,127.10124207,0,0,1900
1900,성동구,ST-2834,04370,성동교 사거리,4370. 성동교 사거리,9,서울특별시 성동구 성동구 광나루로 130,,37.55141449,127.04475403,0,0,1901
1901,노원구,ST-2835,04037,물넘이교,4037. 물넘이교,15,서울특별시 노원구 노원구 중계동 588-5,,37.65408325,127.07195282,0,0,1902
1902,노원구,ST-2836,04038,상계주공9단지 버스정류소,4038. 상계주공9단지 버스정류소,8,서울특별시 노원구 노원구 상계동 694-1,,37.66235733,127.05845642,0,0,1903
1903,강남구,ST-2837,03636,삼성중앙역·플래티넘아파트 정류소,3636. 삼성중앙역·플래티넘아파트 정류소,5,서울특별시 강남구 봉은사로 471,,37.51264191,127.05156708,0,0,1904
1904,강남구,ST-2838,03637,세곡데이케어센터,3637. 세곡데이케어센터,10,서울특별시 강남구 헌릉로 590길 68,,37.46072388,127.10287476,0,0,1905
1905,강남구,ST-2839,03638,신청담나들목,3638. 신청담나들목,5,서울특별시 강남구 강변오솔길,,37.52796173,127.05162811,0,0,1906
1906,영등포구,ST-284,00235,신길동 우리은행 옆,235. 신길동 우리은행 옆,10,서울특별시 영등포구 신길동 250-4 ,신길동 우리은행 옆,37.50456619,126.91023254,0,0,1907
1907,강동구,ST-2840,03687,신명초교입구 교차로,3687. 신명초교입구 교차로,4,서울특별시 강동구 길동 95,,37.54076767,127.14688110,0,0,1908
1908,강동구,ST-2841,03688,상일동산(동아아파트앞 교차로),3688. 상일동산(동아아파트앞 교차로),10,서울특별시 강동구 강동구 상일동 183-4,,37.54581833,127.16688538,0,0,1909
1909,관악구,ST-2842,03812,KT관악지점,3812. KT관악지점,10,서울특별시 관악구 남부순환로1774,,37.48163223,126.94718933,0,0,1910
1910,광진구,ST-2843,03879,중랑천 뚝방길 산책로 입구,3879. 중랑천 뚝방길 산책로 입구,7,서울특별시 광진구 광진구 동일로 399,,37.56628036,127.07747650,0,0,1911
1911,양천구,ST-2844,04531,목동아파트 613동 앞,4531. 목동아파트 613동 앞,10,서울특별시 양천구 목동동로 430 목동신시가지아파트6단지,,37.53315735,126.88408661,0,0,1912
1912,중구,ST-2845,04797,KG타워 앞,4797. KG타워 앞,13,서울특별시 중구 통일로 92 케이지타워,,37.56339645,126.96894073,0,0,1913
1913,중랑구,ST-2846,04819,면목동 새싹어린이공원 앞,4819. 면목동 새싹어린이공원 앞,10,서울특별시 중랑구 동일로92길 57,,37.58333206,127.08354950,0,0,1914
1914,강남구,ST-2847,03640,일원1동주민센터앞 사거리,3640. 일원1동주민센터앞 사거리,7,서울특별시 강남구 일원동 711-2,,37.49096680,127.08836365,0,0,1915
1915,도봉구,ST-2848,04075,방학신동아아파트 11동 앞,4075. 방학신동아아파트 11동 앞,5,서울특별시 도봉구 방학로 217-1 구두수선대,,37.66173553,127.02812195,0,0,1916
1916,도봉구,ST-2849,04078,원당공원 앞,4078. 원당공원 앞,8,서울특별시 도봉구 도봉구 쌍문동 250-6,,37.65854645,127.02767944,0,0,1917
1917,영등포구,ST-285,00236,문래동자이아파트 앞,236. 문래동자이아파트 앞,10,서울특별시 영등포구 문래동3가 68-1,문래동자이아파트 앞,37.51615524,126.89461517,0,0,1918
1918,송파구,ST-2850,04869,잠실나들목6,4869. 잠실나들목6,9,서울특별시 송파구 잠실동 24,,37.51629639,127.08460999,0,0,1919
1919,관악구,ST-2851,03811,신사로입구,3811.신사로입구,10,서울특별시 관악구 신림동 1472-3,,37.48675156,126.92272186,0,0,1920
1920,영등포구,ST-2852,04588,양남사거리2,4588.양남사거리2,10,서울특별시 영등포구 영등포로 84 선암빌딩,,37.52194977,126.89049530,0,0,1921
1921,서초구,ST-2853,04322,서울추모공원 입구,4322.서울추모공원 입구,15,서울특별시 서초구 원지동 산83-9,,37.45429993,127.04283142,0,0,1922
1922,강동구,ST-2854,03684,고덕자이(105동 앞),3684. 고덕자이(105동 앞),10,서울특별시 강동구 상일로 55,,37.55361176,127.17203522,0,0,1923
1923,구로구,ST-2855,03912,삼호아파트 앞,3912. 삼호아파트 앞,10,서울특별시 구로구 서울 구로구 개봉동 204-20,,37.49385834,126.85646820,0,0,1924
1924,성동구,ST-2856,04363,신금호역 2번출구 앞,4363. 신금호역 2번출구 앞,4,서울특별시 성동구 신금호역 2번출구,,37.55507278,127.01988983,0,0,1925
1925,강서구,ST-2857,03757,신방화역 6번출구,3757. 신방화역 6번출구,10,서울특별시 강서구 방화대로 294 마곡더블유타워,,37.56692886,126.81684113,0,0,1926
1926,강서구,ST-2858,03758,서울남부출입국관리소,3758. 서울남부출입국관리소,10,서울특별시 강서구 마곡서1로 48,,37.56059265,126.82084656,0,0,1927
1927,노원구,ST-2859,04039,서울시 북부여성발전센터,4039. 서울시 북부여성발전센터,10,서울특별시 노원구 동일로207길 50,,37.64304352,127.06213379,0,0,1928
1928,동작구,ST-286,00237,보라매 두산위브 건너편,237. 보라매 두산위브 건너편,20,서울특별시 영등포구 신길동 4490 ,보라매 두산위브 앞,37.49651337,126.91480255,0,0,1929
1929,중랑구,ST-2860,04820,망우역 2번 출구,4820. 망우역 2번 출구,8,서울특별시 중랑구 중랑구 망우로55길 11-10(상봉동),,37.60025406,127.09171295,0,0,1930
1930,노원구,ST-2861,04040,공릉로 26길,4040. 공릉로 26길,10,서울특별시 노원구 공릉동 656-6,,37.61965561,127.08146667,0,0,1931
1931,강동구,ST-2862,03686,고덕 래미안 힐스테이트(101동),3686. 고덕 래미안 힐스테이트(101동),8,서울특별시 강동구 강동구 아리수로50길 50,,37.55885696,127.15148926,0,0,1932
1932,광진구,ST-2865,03881,신자초교입구 교차로,3881. 신자초교입구 교차로,7,서울특별시 광진구 뚝섬로 596,,37.53298569,127.07579041,0,0,1933
1933,용산구,ST-2866,04603,한강GS에클라트 건너편 교통섬,4603. 한강GS에클라트 건너편 교통섬,10,서울특별시 용산구 원효로4가 113-54,,37.53200531,126.95555878,0,0,1934
1934,강남구,ST-2867,03641,대청역,3641. 대청역,10,서울특별시 강남구 강남구 일원로 7,,37.49370575,127.07999420,0,0,1935
1935,강남구,ST-2868,03643,더시그넘하우스 앞,3643. 더시그넘하우스 앞,5,서울특별시 강남구 자곡로 174-14,,37.47267914,127.10375977,0,0,1936
1936,강남구,ST-2869,03644,상록수아파트,3644. 상록수아파트,5,서울특별시 강남구 광평로10길 15,,37.48276138,127.08042145,0,0,1937
1937,영등포구,ST-287,00238,제2구민체육센타 앞,238. 제2구민체육센타 앞,10,서울특별시 영등포구 당산동4가 96-2,제2구민체육센타 앞,37.52638626,126.90275574,0,0,1938
1938,강남구,ST-2870,04902,구역삼세무서 교차로,4902. 구역삼세무서 교차로,6,서울특별시 강남구 논현로 337,,37.49524307,127.03937531,0,0,1939
1939,강서구,ST-2871,05052,마곡역 7번출구,5052. 마곡역 7번출구,25,서울특별시 강서구 강서구 마곡동 798,,37.55974579,126.82438660,0,0,1940
1940,관악구,ST-2872,03813,낙성대역 5번출구,3813. 낙성대역 5번출구,7,서울특별시 관악구 남부순환로1921,,37.47752762,126.96276855,0,0,1941
1941,관악구,ST-2873,03814,난곡사거리,3814. 난곡사거리 ,10,서울특별시 관악구 남부순환로1483,,37.48204803,126.91524506,0,0,1942
1942,마포구,ST-2874,04216,망원정 앞,4216. 망원정 앞,10,서울특별시 마포구 마포구 합정동454-23,,37.55006790,126.90480042,0,0,1943
1943,서초구,ST-2875,04323,내곡도서관,4323. 내곡도서관,10,서울특별시 서초구 신원동 319-1,,37.45199966,127.05391693,0,0,1944
1944,송파구,ST-2876,04870,몽촌토성역 3번 출구,4870. 몽촌토성역 3번 출구,10,서울특별시 송파구 송파구 방이동 40-6,,37.51707840,127.11232758,0,0,1945
1945,송파구,ST-2877,04871,오금동 대림아파트 정문,4871. 오금동 대림아파트 정문,7,서울특별시 송파구 송파구 오금동 2,,37.51072693,127.13040161,0,0,1946
1946,송파구,ST-2878,04872,개롱역 3번 출구 뒤,4872. 개롱역 3번 출구 뒤,7,서울특별시 송파구 송파구 가락동 166-1,,37.49806213,127.13461304,0,0,1947
1947,양천구,ST-2879,04532,목동현대아파트 후문 앞,4532. 목동현대아파트 후문 앞,10,서울특별시 양천구 양천구 신정동 1279,,37.52214050,126.87805939,0,0,1948
1948,영등포구,ST-288,00239,유스호스텔 앞,239. 유스호스텔 앞,20,서울특별시 영등포구 영등포동7가 58-2,유스호스텔 앞,37.52585220,126.90328217,0,0,1949
1949,용산구,ST-2880,04632,용산 푸르지오 파크타운 1단지 앞,4632. 용산 푸르지오 파크타운 1단지 앞,6,서울특별시 용산구 용산구 동빙고동 315,,37.52529526,126.99583435,0,0,1950
1950,중랑구,ST-2881,04821,동원초등학교 정문 앞,4821. 동원초등학교 정문 앞,5,서울특별시 중랑구 중랑구 송림길 114,,37.60548782,127.10463715,0,0,1951
1951,강남구,ST-2882,03646,선정릉역 4번 출구,3646. 선정릉역 4번 출구,7,서울특별시 강남구 봉은사로 326,,37.50978470,127.04277039,0,0,1952
1952,강서구,ST-2883,05053,신마곡벽산블루밍메트로오피스텔앞,5053. 신마곡벽산블루밍메트로오피스텔앞,25,서울특별시 강서구 방화동 849-2,,37.57108688,126.80754089,0,0,1953
1953,강서구,ST-2884,05055,마곡역5번출구앞,5055. 마곡역5번출구앞,7,서울특별시 강서구 강서구 마곡동 799,,37.55905914,126.82704926,0,0,1954
1954,강서구,ST-2885,05056,"마곡역4,5번출구","5056. 마곡역4,5번출구",8,서울특별시 강서구 마곡동 799,,37.55932999,126.82717896,0,0,1955
1955,강서구,ST-2886,05057,마곡역4번출구,5057. 마곡역4번출구,14,서울특별시 강서구 마곡동 799,,37.55931091,126.82743835,0,0,1956
1956,강서구,ST-2887,05059,화곡2동주민센터,5059. 화곡2동주민센터,7,서울특별시 강서구 곰달래로37길 13 화곡2동주민센터,,37.53182220,126.85462189,0,0,1957
1957,강서구,ST-2888,05061,우장산동 가곡어린이공원앞,5061. 우장산동 가곡어린이공원앞,10,서울특별시 강서구 내발산동 657-2,,37.55545425,126.83751678,0,0,1958
1958,강서구,ST-2889,05062,마곡 MICE 복합단지,5062. 마곡 MICE 복합단지,10,서울특별시 강서구 마곡동 767-3,,37.56354141,126.82455444,0,0,1959
1959,영등포구,ST-289,00240,문래역 4번출구 앞,240. 문래역 4번출구 앞,10,서울특별시 영등포구 문래동3가 55-12 ,문래역 4번출구 앞,37.51873779,126.89557648,0,0,1960
1960,강서구,ST-2890,05063,서남환경공원(방화동도시개발2단지방향),5063. 서남환경공원(방화동도시개발2단지방향),16,서울특별시 강서구 마곡동 222-32,,37.57334137,126.82331848,0,0,1961
1961,광진구,ST-2891,03882,자양2동 주민센터,3882. 자양2동 주민센터,3,서울특별시 광진구 자양로3가길 28,,37.52879333,127.08463287,0,0,1962
1962,구로구,ST-2892,03914,신도림쌍용플래티넘노블아파트 앞,3914. 신도림쌍용플래티넘노블아파트 앞,10,서울특별시 구로구 구로구 구로동 50-7,,37.50126266,126.89118195,0,0,1963
1963,금천구,ST-2893,03967,혜명양로원 담장 옆(2),3967. 혜명양로원 담장 옆(2),16,서울특별시 금천구 금하로29길 36,,37.45191956,126.91375732,0,0,1964
1964,금천구,ST-2894,03968,독산동 현대홈타운 금천과선교 앞,3968. 독산동 현대홈타운 금천과선교 앞,10,서울특별시 금천구 독산동 산167-9,,37.46222305,126.89181519,0,0,1965
1965,금천구,ST-2895,03969,독산역 롯데캐슬 104동 앞,3969. 독산역 롯데캐슬 104동 앞,20,서울특별시 금천구 독산동 산167-9,,37.46239853,126.89175415,0,0,1966
1966,노원구,ST-2896,04041,공릉역3번출구,4041. 공릉역3번출구,8,서울특별시 노원구 공릉동 405-6,,37.62500381,127.07301331,0,0,1967
1967,서대문구,ST-2897,04255,래미안 루센티아 아파트 108동 앞,4255. 래미안 루센티아 아파트 108동 앞,21,서울특별시 서대문구 남가좌동 384-3,,37.57504272,126.91736603,0,0,1968
1968,성북구,ST-2898,04411,동산어린이공원 앞,4411. 동산어린이공원 앞,5,서울특별시 성북구 성북구 하월곡동 96-78,,37.60623932,127.03466034,0,0,1969
1969,영등포구,ST-2899,04589,KRX한국거래소(1),4589. KRX한국거래소(1),18,서울특별시 영등포구 영등포구 여의나루로 76,,37.52347946,126.92711639,0,0,1970
1970,마포구,ST-29,00127,현대벤처빌 앞,127. 현대벤처빌 앞,9,서울특별시 마포구 백범로 10,31-213,37.55352020,126.93695068,0,0,1971
1971,영등포구,ST-290,00241,신길우성1차아파트 앞 공원,241. 신길우성1차아파트 앞 공원,10,서울특별시 영등포구 도림동 255-2,,37.50501633,126.89853668,0,0,1972
1972,영등포구,ST-2900,04590,KRX한국거래소(2),4590. KRX한국거래소(2),20,서울특별시 영등포구 영등포구 여의나루로 76,,37.52410507,126.92810822,0,0,1973
1973,영등포구,ST-2901,04591,신길자이아파트,4591. 신길자이아파트,20,서울특별시 영등포구 영등포구 가마산로79길 19,,37.50601196,126.91588593,0,0,1974
1974,영등포구,ST-2902,04592,신길우성4차아파트,4592. 신길우성4차아파트,14,서울특별시 영등포구 영등포구 도신로(신길우성4차 401동 앞),,37.51283264,126.91763306,0,0,1975
1975,중구,ST-2903,04798,황학동롯데캐슬,4798. 황학동롯데캐슬,10,서울특별시 중구 중구 청계천로 400,,37.57162094,127.02204132,0,0,1976
1976,중랑구,ST-2904,04826,홈플러스 면목점,4826. 홈플러스 면목점,8,서울특별시 중랑구 동일로 540,,37.57984543,127.08242035,0,0,1977
1977,마포구,ST-2905,04217,한강공원 망원나들목,4217. 한강공원 망원나들목,20,서울특별시 마포구 망원로 1-1 토목과 자재창고,,37.55557632,126.89688873,0,0,1978
1978,중랑구,ST-2906,04825,신내동 벽산아파트 후문 앞,4825. 신내동 벽산아파트 후문 앞,8,서울특별시 중랑구 용마산로125길 50 벽산아파트,,37.60304260,127.10050201,0,0,1979
1979,강남구,ST-2907,03642,LH강남힐스테이트아파트,3642. LH강남힐스테이트아파트,13,서울특별시 강남구 자곡로3길 21,,37.47092819,127.08970642,0,0,1980
1980,강동구,ST-2908,03689,강일역 3번출구,3689. 강일역 3번출구,20,서울특별시 강동구 강동구 강일동 469-9,,37.55740356,127.17653656,0,0,1981
1981,강동구,ST-2909,03690,강일역 4번출구,3690. 강일역 4번출구,23,서울특별시 강동구 강동구 강일동 736,,37.55707169,127.17514038,0,0,1982
1982,영등포구,ST-291,00242,신길선원가와인아파트 앞,242. 신길선원가와인아파트 앞,15,서울특별시 영등포구 신길동 215-28 ,신길선원가와인아파트 앞,37.51093292,126.91022491,0,0,1983
1983,금천구,ST-2910,03970,시흥4동주민센터 앞,3970. 시흥4동주민센터 앞,6,서울특별시 금천구 독산로36길 14,,37.45894241,126.90592957,0,0,1984
1984,금천구,ST-2911,03971,순흥안씨묘 건너편,3971. 순흥안씨묘 건너편,11,"서울특별시 금천구 시흥동 808-5,6",,37.45838165,126.90807343,0,0,1985
1985,금천구,ST-2912,03972,산기슭공원 앞,3972. 산기슭공원 앞,6,서울특별시 금천구 시흥동 산 138-3,,37.46272278,126.90721893,0,0,1986
1986,금천구,ST-2913,03973,독산2동주민센터 앞,3973. 독산2동주민센터 앞,7,서울특별시 금천구 독산로 179 독산2동주민센터,,37.46322250,126.90357208,0,0,1987
1987,노원구,ST-2914,04042,상계문화정보도서관,4042. 상계문화정보도서관,10,서울특별시 노원구 노원구 동일로243길 57,,37.67851257,127.05174255,0,0,1988
1988,송파구,ST-2915,04873,개롱역사거리 2번 출구,4873. 개롱역사거리 2번 출구,7,서울특별시 송파구 송파구 오금동 166,,37.49827194,127.13486481,0,0,1989
1989,송파구,ST-2916,04874,탄천1교 하부보도,4874. 탄천1교 하부보도,10,서울특별시 송파구 잠실동 349,,37.50117111,127.08516693,0,0,1990
1990,송파구,ST-2917,04875,위례포레샤인13단지,4875. 위례포레샤인13단지,4,서울특별시 송파구 거여동 657,,37.48263550,127.13992310,0,0,1991
1991,송파구,ST-2918,04876,삼전동주민센터 앞,4876. 삼전동주민센터 앞,5,서울특별시 송파구 백제고분로 236-2 구두수선대,,37.50291443,127.09253693,0,0,1992
1992,영등포구,ST-292,00243,이앤씨드림타워 앞,243. 이앤씨드림타워 앞,15,서울특별시 영등포구 양평동3가 48-1,이앤씨드림타워 앞,37.52708435,126.89138031,0,0,1993
1993,영등포구,ST-2920,04594,양평교 영등포대여소,4594. 양평교 영등포대여소,15,서울특별시 영등포구 영등포구 양평동5가 51-1,,37.53972626,126.89036560,0,0,1994
1994,중랑구,ST-2921,04823,방정환교육지원센터 옆,4823. 방정환교육지원센터 옆,8,서울특별시 중랑구 중랑구 망우로 325(상봉동) ,,37.59780884,127.08844757,0,0,1995
1995,중랑구,ST-2922,04824,상봉신협 앞,4824. 상봉신협 앞,7,서울특별시 중랑구 봉우재로41길 6 청운명가프라임,,37.59354401,127.08979034,0,0,1996
1996,종로구,ST-2923,04715,돈의문 박물관 마을,4715. 돈의문 박물관 마을,15,서울특별시 종로구 새문안로 39-1 동서한의원,,37.56883621,126.96955109,0,0,1997
1997,용산구,ST-2924,04633,센트럴파크타워 앞,4633. 센트럴파크타워 앞,16,서울특별시 용산구 한강로2가 220-4,,37.52703476,126.96617889,0,0,1998
1998,강남구,ST-2925,03647,구룡역 1번 출구,3647. 구룡역 1번 출구,10,서울특별시 강남구 개포동 175-3,,37.48642349,127.05931854,0,0,1999
1999,강남구,ST-2926,03648,구룡역 4번 출구,3648. 구룡역 4번 출구,5,서울특별시 강남구 개포동 156-17,,37.48670578,127.06050110,0,0,2000
2000,강남구,ST-2927,03649,구룡역 5번 출구,3649. 구룡역 5번 출구,6,서울특별시 강남구 개포동 181-1,,37.48607635,127.05921936,0,0,2001
2001,강동구,ST-2928,03691,둔촌역 2번출구,3691. 둔촌역 2번출구,20,서울특별시 강동구 방이동 89-29,,37.52722931,127.13635254,0,0,2002
2002,강동구,ST-2929,03692,둔촌오륜역 1번 출구,3692. 둔촌오륜역 1번 출구,10,서울특별시 강동구 강동구 강동대로 303,,37.51960373,127.13871002,0,0,2003
2003,영등포구,ST-293,00244,영등포삼환아파트 앞,244. 영등포삼환아파트 앞,20,서울특별시 영등포구 영등포동8가 82-4 ,영등포삼환아파트 앞,37.53007889,126.90570831,0,0,2004
2004,금천구,ST-2931,03974,안천중학교,3974.  안천중학교,10,서울특별시 금천구 금천구 한내로 69-44,,37.45936584,126.88677979,0,0,2005
2005,금천구,ST-2932,03983,금천구청역 1번 출구,3983. 금천구청역 1번 출구,10,서울특별시 금천구 시흥대로73길 70 금천구청종합청사,,37.45703506,126.89432526,0,0,2006
2006,동대문구,ST-2933,04125,회기역 2-①번출구,4125. 회기역 2-①번출구,8,서울특별시 동대문구 휘경동 267-10,,37.58945084,127.05956268,0,0,2007
2007,서초구,ST-2934,04324,세화고등학교,4324. 세화고등학교,5,서울특별시 서초구 신반포로 56-7 세화고.세화여고.세화여중,,37.50209427,126.99147034,0,0,2008
2008,성북구,ST-2935,04414,안암역 3번 출구,4414. 안암역 3번 출구,8,서울특별시 성북구 고려대로 104-1,,37.58625031,127.03095245,0,0,2009
2009,송파구,ST-2936,04879,마천청소년센터,4879. 마천청소년센터,5,서울특별시 송파구 송파구 마천동 325-29,,37.49222183,127.15659332,0,0,2010
2010,송파구,ST-2937,04881,거여동사거리 송파둘레길 입구,4881. 거여동사거리 송파둘레길 입구,5,서울특별시 송파구 거여동 산23-34,,37.49535751,127.13947296,0,0,2011
2011,송파구,ST-2938,04882,위례포레샤인18단지 1802동,4882. 위례포레샤인18단지 1802동,5,서울특별시 송파구 송파구 거여동 산60-1,,37.48868561,127.15226746,0,0,2012
2012,송파구,ST-2939,04883,위례포레샤인18단지 1812동,4883. 위례포레샤인18단지 1812동,10,서울특별시 송파구 송파구 거여동 657-12,,37.48714828,127.15328217,0,0,2013
2013,영등포구,ST-294,00245,삼성생명 당산사옥 앞,245. 삼성생명 당산사옥 앞,14,서울특별시 영등포구 당산동4가 35-24 ,삼성생명 당산사옥 앞,37.52826309,126.89662933,0,0,2014
2014,송파구,ST-2940,04888,둔촌오륜역 2번출구,4888. 둔촌오륜역 2번출구,10,서울특별시 송파구 양재대로 1218 올림픽선수기자촌아파트,,37.51869202,127.13906097,0,0,2015
2015,송파구,ST-2941,04889,마천역 1번 출구 인근②,4889. 마천역 1번 출구 인근②,14,서울특별시 송파구 거여동 217-14,,37.49459076,127.15109253,0,0,2016
2016,중랑구,ST-2942,04827,신내SK V1센터 앞,4827. 신내SK V1센터 앞,20,서울특별시 중랑구 중랑구 신내역로 111,,37.61272430,127.11306000,0,0,2017
2017,강서구,ST-2943,05064,양천향교역8번출구,5064. 양천향교역8번출구,15,서울특별시 강서구 가양동,,37.56902695,126.83988190,0,0,2018
2018,강서구,ST-2944,05065,허준박물관삼거리,5065. 허준박물관삼거리,10,서울특별시 강서구 양천로55길 55 강서한강자이,,37.56724548,126.85038757,0,0,2019
2019,강서구,ST-2945,05066,아망떼마곡전시장,5066. 아망떼마곡전시장,25,서울특별시 강서구 마곡동 800-23,,37.55791473,126.83297729,0,0,2020
2020,강서구,ST-2946,05067,주원 리젠트 앞,5067. 주원 리젠트 앞,8,서울특별시 강서구 염창동 284-46,,37.55085754,126.87233734,0,0,2021
2021,강서구,ST-2947,05072,김포공항입구 교통섬,5072. 김포공항입구 교통섬,10,서울특별시 강서구 방화동 886-15,,37.56154633,126.80708313,0,0,2022
2022,관악구,ST-2948,03815,광일빌딩,3815. 광일빌딩,7,서울특별시 관악구 남부순환로 2054,,37.47639847,126.97683716,0,0,2023
2023,구로구,ST-2949,03915,동선아파트 앞,3915. 동선아파트 앞,10,서울특별시 구로구 구로구 구로동 50-7,,37.49382782,126.83907318,0,0,2024
2024,영등포구,ST-295,00247,당산역 10번출구 앞,247. 당산역 10번출구 앞,14,서울특별시 영등포구 당산로 222 당산디오빌,,37.53342056,126.90223694,0,0,2025
2025,양천구,ST-2950,04533,농협화곡점 앞,4533. 농협화곡점 앞,5,서울특별시 양천구 가로공원로 162,,37.53651047,126.83394623,0,0,2026
2026,양천구,ST-2951,04534,월정초교 앞 사거리,4534. 월정초교 앞 사거리,7,서울특별시 양천구 가로공원로 168 화곡제7동치안센터,,37.53660965,126.83466339,0,0,2027
2027,중랑구,ST-2952,04828,신내동 한살림 중랑지구 앞,4828. 신내동 한살림 중랑지구 앞,5,서울특별시 중랑구 신내동 574-1,,37.60428619,127.09736633,0,0,2028
2028,중랑구,ST-2953,04829,신내동 한살림 중랑지구 건너편,4829. 신내동 한살림 중랑지구 건너편,5,서울특별시 중랑구 신내동 574-1,,37.60446167,127.09741211,0,0,2029
2029,노원구,ST-2954,04043,상계주공13단지 1301동,4043. 상계주공13단지 1301동,10,서울특별시 노원구 한글비석로54길 92 상계주공13단지아파트,,37.66674042,127.06388855,0,0,2030
2030,노원구,ST-2955,04044,공릉산 백세문 입구,4044. 공릉산 백세문 입구,4,서울특별시 노원구 노원로 62 공릉해링턴플레이스,,37.62812042,127.08548737,0,0,2031
2031,은평구,ST-2956,04678,백련산로 녹번센트레빌,4678. 백련산로 녹번센트레빌 ,10,서울특별시 은평구 응암동 159-3,,37.59954453,126.92653656,0,0,2032
2032,송파구,ST-2957,04880,송파청소년센터,4880. 송파청소년센터,9,서울특별시 송파구 중대로 24 올림픽훼밀리타운,,37.48995972,127.11196136,0,0,2033
2033,영등포구,ST-2958,04598,오목교 동측 지하보도,4598. 오목교 동측 지하보도,9,서울특별시 영등포구 양평동2가 42-1,,37.52364349,126.88183594,0,0,2034
2034,영등포구,ST-2959,04599,대림우성아파트 사거리,4599. 대림우성아파트 사거리,15,서울특별시 영등포구 대림로 154 기영빌딩,,37.49484634,126.90029144,0,0,2035
2035,영등포구,ST-296,00248,초원아파트 앞,248. 초원아파트 앞,10,서울특별시 영등포구 여의도동8-13,초원아파트 앞,37.53105545,126.92420959,0,0,2036
2036,양천구,ST-2960,04535,목동12단지 아파트,4535. 목동12단지 아파트,10,서울특별시 양천구 목동동로 50 목동신시가지아파트12단지,,37.51412201,126.86040497,0,0,2037
2037,양천구,ST-2961,04536,양천해누리체육공원,4536. 양천해누리체육공원,23,서울특별시 양천구 신정동 330-5,,37.51174164,126.87383270,0,0,2038
2038,서초구,ST-2962,04329,SC제일은행 양재동지점 앞,4329. SC제일은행 양재동지점 앞,8,서울특별시 서초구 남부순환로 2585 양재역,,37.48573685,127.03315735,0,0,2039
2039,금천구,ST-2964,03985,디폴리스 지식산업센터,3985. 디폴리스 지식산업센터,20,서울특별시 금천구 서부샛길 606 대성디폴리스지식산업센터,,37.48017502,126.87680054,0,0,2040
2040,강서구,ST-2965,05070,마곡13단지힐스테이트마스터 후문(1320동 앞),5070. 마곡13단지힐스테이트마스터 후문(1320동 앞),15,서울특별시 강서구 마곡동 748-4,,37.55676270,126.81869507,0,0,2041
2041,강동구,ST-2966,03694,강동리엔파크 13단지(1303동 앞),3694. 강동리엔파크 13단지(1303동 앞),14,서울특별시 강동구 상일동 34,,37.55302811,127.18075562,0,0,2042
2042,도봉구,ST-2967,04080,창동주공19단지앞,4080. 창동주공19단지앞 ,4,서울특별시 도봉구 도봉시 노해로 70길 19 1905동 앞 ( 도봉경찰서 건너편) 버스정류장 쯤에 희망합니다 (분명 설치예정팻말이 붙어있었는데 아직도 시행안됨),,37.65250778,127.05227661,0,0,2043
2043,중랑구,ST-2969,04834,용마복지센터 앞,4834. 용마복지센터 앞,8,서울특별시 중랑구 중랑구 용마산로 393,,37.58686447,127.09532166,0,0,2044
2044,영등포구,ST-297,00249,여의도중학교 옆,249. 여의도중학교 옆,16,서울특별시 영등포구 여의동로 300-2 가로판매대50,,37.52434921,126.93611908,0,0,2045
2045,성북구,ST-2970,04415,미아초교버스승강장,4415. 미아초교버스승강장,7,서울특별시 성북구 성북구 길음동 1261-535,,37.61207962,127.02198029,0,0,2046
2046,노원구,ST-2971,04045,은하수 공원,4045. 은하수 공원,8,서울특별시 노원구 노원구 우이천로 102,,37.63000488,127.04409790,0,0,2047
2047,송파구,ST-2972,04893,문정법조단지12,4893. 문정법조단지12,6,서울특별시 송파구 송파구 문정동 500-1,,37.48639297,127.11483765,0,0,2048
2048,송파구,ST-2973,04894,문정법조단지13,4894. 문정법조단지13,6,서울특별시 송파구 송파구 문정동 502,,37.48632431,127.11508942,0,0,2049
2049,마포구,ST-2974,04218,디지털매직스페이스,4218. 디지털매직스페이스,13,서울특별시 마포구 MBC본사와 디지털매직스페이스 건물 사이 횡단보도 2개 중간,,37.58119965,126.88957977,0,0,2050
2050,마포구,ST-2975,04220,신촌 청년주택,4220. 신촌 청년주택,10,서울특별시 마포구 마포구 창전동15-1,,37.54985428,126.93203735,0,0,2051
2051,마포구,ST-2976,04221,솔리스타오피스텔(공덕동주민센터),4221. 솔리스타오피스텔(공덕동주민센터),13,서울특별시 마포구 공덕동 4-11,,37.55015945,126.96052551,0,0,2052
2052,마포구,ST-2977,04224,서부운전면허시험장,4224. 서부운전면허시험장,5,서울특별시 마포구 서울 마포구 월드컵로42길 13,,37.57892227,126.88216400,0,0,2053
2053,마포구,ST-2978,04226,마포프레스티지자이 1,4226. 마포프레스티지자이 1,14,서울특별시 마포구 서울시 마포구 염리동 30-29,,37.55152893,126.94669342,0,0,2054
2054,마포구,ST-2979,04233,코오롱아파트사거리,4233. 코오롱아파트사거리,10,서울특별시 마포구 마포구 연남로 42 코오롱아파트사거리,,37.56303787,126.92143250,0,0,2055
2055,영등포구,ST-298,00250,대림아파트 사거리,250. 대림아파트 사거리,10,서울특별시 영등포구 신길동 249,우주마루아파트 201동 앞,37.50764084,126.92308044,0,0,2056
2056,마포구,ST-2980,04234,에스테반,4234. 에스테반,10,서울특별시 마포구 만리재로 95 에스테반오피스텔,,37.54891968,126.95951843,0,0,2057
2057,마포구,ST-2981,04238,상암한샘빌딩앞,4238. 상암한샘빌딩앞,7,서울특별시 마포구 서울시 마포구 성암로 179,,37.57649231,126.89867401,0,0,2058
2058,마포구,ST-2982,04239,성산2동 주민센터,4239. 성산2동 주민센터 ,5,서울특별시 마포구 서울 마포구 성산동 601-8,,37.56896973,126.90779877,0,0,2059
2059,마포구,ST-2983,04240,아현문화건강센터,4240. 아현문화건강센터,8,서울특별시 마포구 서울시 마포구 아현동 645-14,,37.55235291,126.95147705,0,0,2060
2060,송파구,ST-2984,04884,H비즈니스파크,4884. H비즈니스파크,16,서울특별시 송파구 송파구 문정동 373,,37.48352432,127.11683655,0,0,2061
2061,송파구,ST-2985,04885,가든파이브 리빙관,4885. 가든파이브 리빙관,8,서울특별시 송파구 충민로 66 가든파이브라이프,,37.47709656,127.12370300,0,0,2062
2062,송파구,ST-2986,04886,배명고등학교 건너편,4886. 배명고등학교 건너편,6,서울특별시 송파구 송파구 석촌동 302-1,,37.49793243,127.09675598,0,0,2063
2063,송파구,ST-2987,04887,호돌이상가,4887. 호돌이상가,6,서울특별시 송파구 중대로 24 올림픽훼밀리타운,,37.48633575,127.11374664,0,0,2064
2064,송파구,ST-2988,04895,송파레이크힐 상가,4895. 송파레이크힐 상가,6,서울특별시 송파구 거여동 604-2,,37.48641586,127.14205933,0,0,2065
2065,송파구,ST-2989,04896,송파레이크힐,4896. 송파레이크힐,10,서울특별시 송파구 거여동 657,,37.48688889,127.14169312,0,0,2066
2066,영등포구,ST-299,00251,서울지방병무청 버스정류장,251. 서울지방병무청 버스정류장,10,서울특별시 영등포구 신길동853,서울지방병무청 버스정류장,37.50449371,126.92195129,0,0,2067
2067,서대문구,ST-2990,04262,서대문자연사박물관 입구,4262. 서대문자연사박물관 입구,6,서울특별시 서대문구 서대문구 연희동 150-11,,37.57540131,126.93544006,0,0,2068
2068,송파구,ST-2991,04897,잠실주공5단지1,4897. 잠실주공5단지1,15,서울특별시 송파구 송파대로 567 잠실주공아파트,,37.51633453,127.09380341,0,0,2069
2069,강서구,ST-2992,05073,우장산역 헤링턴타워 앞,5073. 우장산역 헤링턴타워 앞,6,서울특별시 강서구 화곡동 1013-3,,37.54661942,126.83623505,0,0,2070
2070,강서구,ST-2993,05074,"마곡엠밸리14단지 버스정류장(마곡엠밸리11,12단지상가방면)","5074. 마곡엠밸리14단지 버스정류장(마곡엠밸리11,12단지상가방면)",10,서울특별시 강서구 강서구 마곡동 798-17,,37.55823517,126.82575989,0,0,2071
2071,강서구,ST-2994,05075,등촌역 1번출구,5075. 등촌역 1번출구,10,서울특별시 강서구 공항대로 509 우림보보카운티뷰오피스텔,,37.55188370,126.86357117,0,0,2072
2072,관악구,ST-2995,03816,관악 GSfresh,3816. 관악 GSfresh,8,서울특별시 관악구 쑥고개로 111,,37.47909164,126.94941711,0,0,2073
2073,관악구,ST-2996,03818,은천교회 앞,3818. 은천교회 앞,10,서울특별시 관악구 서울 관악구 신림동 458,,37.48857117,126.92138672,0,0,2074
2074,구로구,ST-2997,03918,이좋은집오피스텔 앞,3918. 이좋은집오피스텔 앞,10,서울특별시 구로구 서울 구로구 오류동 44-1,,37.49499130,126.84185028,0,0,2075
2075,금천구,ST-2998,03977,말미사거리,3977. 말미사거리,5,서울특별시 금천구 독산동 1008-1,,37.46628952,126.89738464,0,0,2076
2076,금천구,ST-2999,03984,가산롯데아이티캐슬,3984. 가산롯데아이티캐슬,5,서울특별시 금천구 가산디지털2로 98 IT캐슬,,37.47636795,126.88083649,0,0,2077
2077,마포구,ST-3,00101,(구)합정동 주민센터,101. (구)합정동 주민센터,5,서울특별시 마포구 동교로8길 58,444-12,37.54956055,126.90575409,0,0,2078
2078,서대문구,ST-30,00128,신촌역(2호선) 1번출구 옆,128. 신촌역(2호선) 1번출구 옆,20,서울특별시 서대문구 연세로 3-5,30-16,37.55549622,126.93634033,0,0,2079
2079,영등포구,ST-300,00252,보라매역4번출구,252. 보라매역4번출구,10,서울특별시 영등포구 신길동4884,보라매역4번출구(순흥빌딩),37.49982834,126.91994476,0,0,2080
2080,노원구,ST-3000,04046,경춘선 숲길,4046. 경춘선 숲길,8,서울특별시 노원구 공릉로 126(공릉동 747),,37.62099075,127.07875061,0,0,2081
2081,성동구,ST-3002,04373,서울숲 지식산업센터,4373. 서울숲 지식산업센터,11,서울특별시 성동구 서울 성동구 성수일로 10. 서울숲 itct 지식산업센터 앞 ,,37.54127502,127.04849243,0,0,2082
2082,성동구,ST-3003,04377,우영테크노센터 앞,4377. 우영테크노센터 앞,8,서울특별시 성동구 성동구 아차산로 144,,37.54332352,127.05971527,0,0,2083
2083,송파구,ST-3004,04891,위례포레나송파,4891. 위례포레나송파,10,서울특별시 송파구 거여동 657-12,,37.48455429,127.14919281,0,0,2084
2084,송파구,ST-3005,04892,성내유수지 체육공원,4892. 성내유수지 체육공원,18,서울특별시 송파구 방이동 88-13,,37.52597046,127.11820984,0,0,2085
2085,중랑구,ST-3006,04835,망우동 본죽 앞,4835. 망우동 본죽 앞,7,서울특별시 중랑구 망우로 467,,37.60064316,127.10404968,0,0,2086
2086,중랑구,ST-3007,04839,혜원사거리 열정분식소 앞,4839. 혜원사거리 열정분식소 앞,6,서울특별시 중랑구 봉우재로 189,,37.59442902,127.09403229,0,0,2087
2087,마포구,ST-3008,04222,서울디자인고등학교 앞,4222. 서울디자인고등학교 앞,5,서울특별시 마포구 마포구 염리동 160-68 ,,37.54568481,126.94676971,0,0,2088
2088,서초구,ST-3009,04327,몽마르뜨공원입구,4327. 몽마르뜨공원입구,11,서울특별시 서초구 서초구 동광로 몽마르뜨공원 입구,,37.49288940,127.00264740,0,0,2089
2089,영등포구,ST-301,00253,신풍역 5번출구 인근,253. 신풍역 5번출구 인근,10,서울특별시 영등포구 신길동3596,남서울아파트 14동앞,37.50064850,126.90951538,0,0,2090
2090,서초구,ST-3010,04330,"반포한강공원입구,씨티21옆","4330. 반포한강공원입구,씨티21옆",6,서울특별시 서초구 반포대로316옆 반포한강공원입구,,37.50749588,127.00018311,0,0,2091
2091,영등포구,ST-3011,04600,영등포구 총괄 우체국,4600. 영등포구 총괄 우체국,10,서울특별시 영등포구 당산동4가 93-3,,37.52915192,126.89447784,0,0,2092
2092,광진구,ST-3012,03886,광진구 민방위교육센터,3886.광진구 민방위교육센터,5,서울특별시 광진구 구의동 623-1,,37.53919220,127.09801483,0,0,2093
2093,구로구,ST-3013,03919,구로역·NC신구로점 버스정류장(구로역 방면),3919. 구로역·NC신구로점 버스정류장(구로역 방면),14,서울특별시 구로구 서울 구로구 구로동 496-128,,37.50096512,126.88237000,0,0,2094
2094,노원구,ST-3014,04048,신도1차아파트앞,4048. 신도1차아파트앞,7,서울특별시 노원구 미차이 중식당 바로 앞,,37.62821198,127.07046509,0,0,2095
2095,노원구,ST-3015,05301,상계주공1단지 버스정류장 옆(대원빌딩 앞),5301. 상계주공1단지 버스정류장 옆(대원빌딩 앞),4,서울특별시 노원구 동일로 1331-2 구두수선대,,37.64805984,127.06239319,0,0,2096
2096,마포구,ST-3017,04244,당인리발전소 공원 앞,4244. 당인리발전소 공원 앞,10,서울특별시 마포구 서울 마포구 합정동 50-15,,37.54529572,126.91764832,0,0,2097
2097,마포구,ST-3018,04245,그랑자이 아파트,4245. 그랑자이 아파트,10,서울특별시 마포구 대흥동 3-63,,37.55469513,126.94577026,0,0,2098
2098,마포구,ST-3019,04246,상수역새마을금고,4246. 상수역새마을금고,5,서울특별시 마포구 서울 마포구 독막로 8,,37.54758835,126.92464447,0,0,2099
2099,영등포구,ST-302,00254,도림신협 앞,254. 도림신협 앞,10,서울특별시 영등포구 신길동263-76,도림신협 앞,37.50380325,126.90341949,0,0,2100
2100,마포구,ST-3020,04247,서울서부지방법원등기국앞,4247. 서울서부지방법원등기국앞,10,서울특별시 마포구 서울서부지방법원등기국앞,,37.55184937,126.95478058,0,0,2101
2101,마포구,ST-3021,04248,신촌 교보빌딩,4248. 신촌 교보빌딩,10,서울특별시 마포구 신촌로 134,,37.55601120,126.94034576,0,0,2102
2102,마포구,ST-3022,04251,공덕역 경의선숲길 커뮤니티센터,4251. 공덕역 경의선숲길 커뮤니티센터,7,서울특별시 마포구 서울시 마포구 도화동 1-402 경의선 숲길 커뮤니티센터,,37.54161072,126.95375824,0,0,2103
2103,중랑구,ST-3023,04836,양원역 1번 출구,4836. 양원역 1번 출구,15,서울특별시 중랑구 망우동 253-18,,37.60655212,127.10708618,0,0,2104
2104,중랑구,ST-3024,04837,양원지구 힐데스하임 앞,4837. 양원지구 힐데스하임 앞,14,서울특별시 중랑구 봉화산로 301,,37.60924149,127.10620880,0,0,2105
2105,중랑구,ST-3025,04838,동원사거리 행복오피스텔 앞,4838.동원사거리 행복오피스텔 앞,7,서울특별시 중랑구 겸재로 240 행복오피스텔,,37.58973694,127.09419250,0,0,2106
2106,도봉구,ST-3026,04083,도봉아이나라도서관 앞,4083.도봉아이나라도서관 앞,8,서울특별시 도봉구 창동 808-3,,37.65898895,127.04973602,0,0,2107
2107,서대문구,ST-3027,04266,국민연금공단충정로사옥,4266.국민연금공단충정로사옥,9,서울특별시 서대문구 충정로 36 국민연금충정로사옥,,37.56184769,126.96414948,0,0,2108
2108,은평구,ST-3028,04681,박석고개(은평소방서) 앞,4681.박석고개(은평소방서) 앞,6,서울특별시 은평구 불광동 476-10,,37.62794495,126.91976929,0,0,2109
2109,금천구,ST-3029,03975,현대시티아울렛 가산,3975.현대시티아울렛 가산,10,서울특별시 금천구 디지털로10길 9 현대시티아울렛 가산점,,37.47739792,126.88877869,0,0,2110
2110,영등포구,ST-303,00255,도림사거리,255. 도림사거리,15,서울특별시 영등포구 신길동373-1,도림4거리,37.50657272,126.90113068,0,0,2111
2111,영등포구,ST-3030,04601,양평역2번출구 뒤,4601.양평역2번출구 뒤,10,서울특별시 영등포구 양평동2가 33-80,,37.52556610,126.88584137,0,0,2112
2112,강서구,ST-3031,05076,메이필드호텔앞,5076. 메이필드호텔앞,16,서울특별시 강서구 강서구 외발산동 276-9,,37.54926300,126.81674194,0,0,2113
2113,금천구,ST-3032,03980,금천현대홈타운 후문 서부샛길,3980. 금천현대홈타운 후문 서부샛길,5,서울특별시 금천구 독산동 871-45,,37.46139526,126.89003754,0,0,2114
2114,서대문구,ST-3033,04264,홍남교 버스정류장,4264. 홍남교 버스정류장,5,서울특별시 서대문구 홍은동 387-61,,37.57675552,126.92827606,0,0,2115
2115,서대문구,ST-3034,04265,안산초등학교 앞,4265. 안산초등학교 앞,5,서울특별시 서대문구 홍제동 47-35,,37.57987976,126.95230103,0,0,2116
2116,중랑구,ST-3035,04840,서울시 북부병원 앞,4840. 서울시 북부병원 앞,7,서울특별시 중랑구 양원역로 38 서울시북부병원 및 시립중랑노인전문요양원,,37.60405731,127.10725403,0,0,2117
2117,중랑구,ST-3036,04830,신내 우디안 111동 앞,4830. 신내 우디안 111동 앞,7,서울특별시 중랑구 신내역로1길 85 신내우디안1단지,,37.61727142,127.10854340,0,0,2118
2118,구로구,ST-3037,03917,성공회대학교,3917. 성공회대학교,10,서울특별시 구로구 오류동 108-18,,37.48859024,126.82478333,0,0,2119
2119,성북구,ST-3038,04419,성북구 한예종 캠퍼스 본관,4419. 성북구 한예종 캠퍼스 본관,6,서울특별시 성북구 화랑로32길 146-37 한국예술종합학교,,37.60665131,127.05618286,0,0,2120
2120,성북구,ST-3039,04420,성북구 한예종 캠퍼스 별관,4420. 성북구 한예종 캠퍼스 별관,6,서울특별시 성북구 화랑로32길 146-20 문화재청의릉지구관리소,,37.60289764,127.05847931,0,0,2121
2121,영등포구,ST-304,00256,동아에코빌입구,256. 동아에코빌입구,10,서울특별시 영등포구 도림동 159-70,동아에코빌입구,37.50947571,126.89929962,0,0,2122
2122,영등포구,ST-3040,05851,도림천 건널목 위,5851. 도림천 건널목 위,15,서울특별시 영등포구 대림동 646-1,,37.50208282,126.89318848,0,0,2123
2123,영등포구,ST-3041,05852,대림동현대2차 201동 앞,5852. 대림동현대2차 201동 앞,7,서울특별시 영등포구 대림동 647-2,,37.50300598,126.89382935,0,0,2124
2124,성동구,ST-3042,04381,더스페이스타워 앞,4381. 더스페이스타워 앞,8,서울특별시 성동구 광나루로 144 더 스페이스 타워,,37.55140305,127.04636383,0,0,2125
2125,성동구,ST-3043,04382,페코텍글로벌허브빌딩 앞,4382. 페코텍글로벌허브빌딩 앞,7,서울특별시 성동구 동일로 169,,37.54753494,127.06682587,0,0,2126
2126,성동구,ST-3044,04383,푸조비즈타워 앞,4383. 푸조비즈타워 앞,4,서울특별시 성동구 성동구 광나루로 310,,37.54808044,127.06461334,0,0,2127
2127,성북구,ST-3045,04417,성북청소년문화의집,4417. 성북청소년문화의집,10,서울특별시 성북구 성북구 솔샘로 107,,37.61566925,127.00876617,0,0,2128
2128,성북구,ST-3046,04418,종암동 동덕여대 제2생활관 앞,4418. 종암동 동덕여대 제2생활관 앞,8,서울특별시 성북구 성북구 종암로 123,,37.60108948,127.03331757,0,0,2129
2129,양천구,ST-3047,04537,서울남부지방검찰청 후문,4537. 서울남부지방검찰청 후문 ,6,서울특별시 양천구 양천구 신월로 390,,37.52164078,126.86555481,0,0,2130
2130,양천구,ST-3048,04538,양천공영차고지,4538. 양천공영차고지,10,서울특별시 양천구 서울시 양천구 신정종 836-38,,37.50922012,126.83715820,0,0,2131
2131,강남구,ST-3049,03651,개포동역 4번출구,3651. 개포동역 4번출구,5,서울특별시 강남구 강남구 개포동 182-4 (개포동역 4번출구),,37.48929596,127.06616974,0,0,2132
2132,영등포구,ST-305,00257,신길삼거리(우리은행),257. 신길삼거리(우리은행),10,서울특별시 영등포구 신길동95-256,신길삼거리(우리은행),37.51384354,126.91935730,0,0,2133
2133,도봉구,ST-3050,04084,도봉동실내스포츠센터,4084. 도봉동실내스포츠센터,10,서울특별시 도봉구 도봉구 마들로 805 (도봉동실내스포츠센터 앞),,37.68125534,127.05047607,0,0,2134
2134,서대문구,ST-3051,04267,서대문역 2번 출구,4267. 서대문역 2번 출구,6,서울특별시 서대문구 충정로2가 8-3,,37.56599045,126.96607208,0,0,2135
2135,중구,ST-3052,04800,필동 삼거리,4800. 필동 삼거리,5,서울특별시 중구 서애로 33 티엔에스빌딩,,37.55969238,126.99648285,0,0,2136
2136,중구,ST-3053,04801,충정로역 2호선(엘리베이터 앞),4801. 충정로역 2호선(엘리베이터 앞),5,서울특별시 중구 서소문로 18 에이원빌딩,,37.55937576,126.96414185,0,0,2137
2137,용산구,ST-3054,04621,남산도서관 앞,4621. 남산도서관 앞,12,서울특별시 용산구 소월로 109 남산도서관,,37.55240631,126.98201752,0,0,2138
2138,구로구,ST-3055,03920,개봉역2번출구 B,3920. 개봉역2번출구 B,10,서울특별시 구로구 개봉로23가길 10 한양아이클래스 구로,,37.49555206,126.85697937,0,0,2139
2139,용산구,ST-3056,04634,이태원역 3번 출구,4634. 이태원역 3번 출구,5,서울특별시 용산구 이태원로 186 국민은행,,37.53440094,126.99466705,0,0,2140
2140,강남구,ST-3057,04901,KT&G타워 옆(상상마당 대치아트홀),4901.KT&G타워 옆(상상마당 대치아트홀),6,서울특별시 강남구 영동대로 416 (주)케이티앤지 타워,,37.50687408,127.06473541,0,0,2141
2141,은평구,ST-3058,04683,은평 성모병원 사거리,4683. 은평 성모병원 사거리,10,서울특별시 은평구 진관동 91-10,,37.63470078,126.91735840,0,0,2142
2142,양천구,ST-3059,04539,목동7단지아파트 A상가,4539. 목동7단지아파트 A상가,8,서울특별시 양천구 목동로 186 목동신시가지아파트7단지,,37.52624512,126.86578369,0,0,2143
2143,영등포구,ST-306,00258,신길역3번출구,258. 신길역3번출구,14,서울특별시 영등포구 영등포동1가35,신길역3번출구,37.51769257,126.91429901,0,0,2144
2144,노원구,ST-3060,05306,동신아파트 후문 옆,5306. 동신아파트 후문 옆,6,서울특별시 노원구 공릉로 213 동신아파트,,37.62786102,127.07637787,0,0,2145
2145,영등포구,ST-3061,05853,여의도역2번출구 앞,5853. 여의도역2번출구 앞,10,서울특별시 영등포구 의사당대로 88 한국투자증권빌딩,,37.52243423,126.92271423,0,0,2146
2146,서대문구,ST-3062,04269,연희IC 남측,4269. 연희IC 남측,8,서울특별시 서대문구 연희동 222-1,,37.56355667,126.92827606,0,0,2147
2147,노원구,ST-3063,05305,대륜E&S 서울지사 앞,5305. 대륜E&S 서울지사 앞,10,서울특별시 노원구 덕릉로70길 64,,37.64255524,127.06038666,0,0,2148
2148,동작구,ST-3064,04177,롯데캐슬 101동 앞,4177. 롯데캐슬 101동 앞,8,서울특별시 동작구 상도동 158-10,,37.50157547,126.94590759,0,0,2149
2149,동작구,ST-3065,04178,이수성결교회 옆,4178. 이수성결교회 옆,10,서울특별시 동작구 동작대로 241,,37.49814987,126.98368835,0,0,2150
2150,강남구,ST-3066,04903,신사스퀘어,4903. 신사스퀘어,6,서울특별시 강남구 강남대로 652,,37.51916885,127.01897430,0,0,2151
2151,구로구,ST-3067,03922,서울남부교정시설 앞,3922. 서울남부교정시설 앞,16,서울특별시 구로구 금오로 867,,37.47715378,126.83985901,0,0,2152
2152,강서구,ST-3068,05078,왈도강서캠퍼스 앞,5078. 왈도강서캠퍼스 앞,10,서울특별시 강서구 양천로 660 왈도강서캠퍼스,,37.55221558,126.87022400,0,0,2153
2153,송파구,ST-3069,05751,송파여성축구장,5751. 송파여성축구장,10,서울특별시 송파구 올림픽로 474,,37.52471542,127.11743927,0,0,2154
2154,영등포구,ST-307,00259,대방역6번출구,259. 대방역6번출구,17,서울특별시 영등포구 신길동1368,대방역6번출구,37.51359177,126.92593384,0,0,2155
2155,송파구,ST-3070,05752,풍납백제문화공원 옆 인근,5752. 풍납백제문화공원 옆 인근,6,서울특별시 송파구 풍납동 219-3,,37.53488159,127.11522675,0,0,2156
2156,송파구,ST-3071,05753,호반써밋,5753. 호반써밋,9,서울특별시 송파구 거여동 657,,37.48294449,127.14044189,0,0,2157
2157,영등포구,ST-3072,05854,신한금융투자 앞,5854. 신한금융투자 앞,26,서울특별시 영등포구 여의대로 70 신한금융투자타워,여의대로 70,37.52508926,126.92407990,0,0,2158
2158,영등포구,ST-3073,05855,하이투자증권 앞,5855. 하이투자증권 앞,31,서울특별시 영등포구 여의대로 66 하이투자증권,,37.52464294,126.92342377,0,0,2159
2159,영등포구,ST-3074,05856,one IFC몰 앞,5856. one IFC몰 앞,20,서울특별시 영등포구 국제금융로 15 IFC~파크원간 지하공공보도,,37.52628708,126.92617798,0,0,2160
2160,종로구,ST-3075,04718,광화문역 6번출구 옆 A,4718. 광화문역 6번출구 옆 A,10,서울특별시 종로구 세종로 208,,37.56993103,126.97643280,0,0,2161
2161,은평구,ST-3076,04684,응암2동주민센터 버스정류장(영락중학교 방면),4684. 응암2동주민센터 버스정류장(영락중학교 방면),10,서울특별시 은평구 응암동 225-72,,37.59586716,126.92349243,0,0,2162
2162,강남구,ST-3077,04906,섬유센터 앞,4906. 섬유센터 앞,10,서울특별시 강남구 테헤란로 518 한국섬유산업연합회,,37.50767136,127.06017303,0,0,2163
2163,강남구,ST-3078,04907,극동스포츠 앞,4907. 극동스포츠 앞,5,서울특별시 강남구 압구정로 152 극동타워,,37.52572250,127.02588654,0,0,2164
2164,강남구,ST-3079,04905,강남경찰서,4905. 강남경찰서,10,서울특별시 강남구 테헤란로 626-2,,37.50971985,127.06679535,0,0,2165
2165,양천구,ST-308,00700,KB국민은행 염창역 지점 앞,700. KB국민은행 염창역 지점 앞,20,서울특별시 양천구 목동 559,KB국민은행 염창역 지점 앞,37.54684830,126.87277222,0,0,2166
2166,용산구,ST-3080,04636,용산구꿈나무종합타운 앞,4636. 용산구꿈나무종합타운 앞,8,서울특별시 용산구 원효로2가 1-73,,37.53786087,126.96565247,0,0,2167
2167,용산구,ST-3081,04637,용산시티파크 101동 앞,4637. 용산시티파크 101동 앞,10,서울특별시 용산구 한강로3가 64,,37.52468109,126.96819305,0,0,2168
2168,용산구,ST-3082,04638,청파동삼거리 앞,4638. 청파동삼거리 앞,10,서울특별시 용산구 청파로 312,,37.54733658,126.97038269,0,0,2169
2169,용산구,ST-3083,04639,동빙고근린공원,4639. 동빙고근린공원,10,서울특별시 용산구 용산동6가 69-170,,37.51794052,126.98370361,0,0,2170
2170,강서구,ST-3084,05080,가양역 1번출구,5080. 가양역 1번출구,10,서울특별시 강서구 가양동 14-26,,37.56250763,126.85275269,0,0,2171
2171,강동구,ST-3085,03698,명일역 3번출구 옆,3698. 명일역 3번출구 옆,6,서울특별시 강동구 양재대로 1634,,37.55142593,127.14421082,0,0,2172
2172,서초구,ST-3086,04332,이수교차로,4332. 이수교차로,5,서울특별시 서초구 방배중앙로 207-10 아크로리버,,37.49817276,126.98448181,0,0,2173
2173,강동구,ST-3087,03699,상일파출소 옆,3699. 상일파출소 옆,15,서울특별시 강동구 상일동 519-3,,37.55655289,127.16587830,0,0,2174
2174,구로구,ST-3088,03923,구로공구상가 앞,3923. 구로공구상가 앞,10,서울특별시 구로구 경인로 518 CJ공장,,37.50075531,126.87708282,0,0,2175
2175,양천구,ST-3089,04541,갈산문화예술센터,4541. 갈산문화예술센터,9,서울특별시 양천구 신정동 1325-2,,37.51097488,126.86984253,0,0,2176
2176,양천구,ST-309,00701,목동사거리 부근,701. 목동사거리 부근,8,서울특별시 양천구 목동 813,목동사거리 부근,37.53280258,126.86392975,0,0,2177
2177,종로구,ST-3090,04719,종로문화원 건너편,4719. 종로문화원 건너편,15,서울특별시 종로구 중학동 10-3,,37.57571411,126.98050690,0,0,2178
2178,도봉구,ST-3091,04086,도봉로 534,4086. 도봉로 534,10,서울특별시 도봉구 도봉로 534,,37.65295410,127.03754425,0,0,2179
2179,도봉구,ST-3092,04087,우이교 교차로,4087. 우이교 교차로,10,서울특별시 도봉구 도봉로 420,,37.64324570,127.03160095,0,0,2180
2180,도봉구,ST-3093,04088,김근태도서관,4088. 김근태도서관,15,서울특별시 도봉구 도봉동 282-275,,37.68750763,127.04263306,0,0,2181
2181,강서구,ST-3094,05082,가양역 7번출구,5082. 가양역 7번출구,9,서울특별시 강서구 화곡로 416 가양역 더스카이밸리5차 지식산업센터,,37.56019592,126.85491180,0,0,2182
2182,은평구,ST-3095,04685,DMC역 5번 출구(수색역 방향),4685. DMC역 5번 출구(수색역 방향),25,서울특별시 은평구 수색로 194,,37.57890701,126.90129852,0,0,2183
2183,강남구,ST-3096,04908,SB타워 앞,4908. SB타워 앞,5,서울특별시 강남구 언주로 738-2,,37.52210999,127.03646088,0,0,2184
2184,노원구,ST-3097,05308,상계신동아아파트,5308. 상계신동아아파트,5,서울특별시 노원구 한글비석로52길 66 신동아아파트,,37.66767883,127.06825256,0,0,2185
2185,강동구,ST-3098,03700,강변그대가리버뷰 입구 맞은편,3700. 강변그대가리버뷰 입구 맞은편,8,서울특별시 강동구 천호동 250-7,,37.54816437,127.12257385,0,0,2186
2186,성동구,ST-3099,04385,용답동 우체국 주변,4385. 용답동 우체국 주변,5,서울특별시 성동구 천호대로 384,,37.56168747,127.06151581,0,0,2187
2187,마포구,ST-31,00129,신촌역(2호선) 6번출구 옆,129. 신촌역(2호선) 6번출구 옆,10,서울특별시 마포구 신촌로 106,31-123,37.55505371,126.93756866,0,0,2188
2188,양천구,ST-310,00702,목4동주민센터 옆,702. 목4동주민센터 옆,19,서울특별시 양천구 목동 904-3,목4동주민센터 옆,37.53254318,126.86872864,0,0,2189
2189,강서구,ST-3100,05084,강서우체국,5084. 강서우체국,10,서울특별시 강서구 등촌동 681-2,,37.56418228,126.84027863,0,0,2190
2190,노원구,ST-3101,05309,월계 롯데캐슬아파트 뒤,5309. 월계 롯데캐슬아파트 뒤,5,서울특별시 노원구 월계동 865-5,,37.62514877,127.04993439,0,0,2191
2191,영등포구,ST-3102,05857,U레지던스 앞,5857. U레지던스 앞,15,서울특별시 영등포구 영등포로 383,,37.51382446,126.92093658,0,0,2192
2192,구로구,ST-3103,03924,오류동 계림웨스트밸리 앞,3924. 오류동 계림웨스트밸리 앞,10,서울특별시 구로구 경인로 70 계림 웨스트벨리,,37.49090958,126.82965088,0,0,2193
2193,양천구,ST-3104,04540,목동역 3번 출구,4540. 목동역 3번 출구,10,서울특별시 양천구 오목로 245 목동역,,37.52653122,126.86445618,0,0,2194
2194,동작구,ST-3105,04179,보라매병원역 1번출구,4179. 보라매병원역 1번출구,10,서울특별시 동작구 보라매로5길 20 서울특별시보라매병원,,37.49322128,126.92343140,0,0,2195
2195,동작구,ST-3106,04180,흑석동주민센터 입구,4180. 흑석동주민센터 입구,4,서울특별시 동작구 흑석동 25-21,,37.50682831,126.96673584,0,0,2196
2196,서대문구,ST-3107,04271,충정로역 1번 출구,4271. 충정로역 1번 출구,7,서울특별시 서대문구 충정로 28-1 충정로역(5호선),,37.55942535,126.96305847,0,0,2197
2197,강남구,ST-3108,04909,노보텔 앰배서더 앞,4909. 노보텔 앰배서더 앞,6,서울특별시 강남구 봉은사로 130 노보텔 앰배서더 강남 서울,,37.50570297,127.02919769,0,0,2198
2198,강남구,ST-3109,04911,도곡동 골프 로데오거리,4911. 도곡동 골프 로데오거리,6,서울특별시 강남구 도곡로 177-2,,37.49107361,127.03619385,0,0,2199
2199,양천구,ST-311,00703,오목교역 7번출구 앞,703. 오목교역 7번출구 앞,12,서울특별시 양천구 오목로 344 청학빌딩,,37.52362823,126.87524414,0,0,2200
2200,노원구,ST-3110,05310,목련아파트,5310. 목련아파트,9,서울특별시 노원구 노원로 333 목련아파트상가,,37.64862823,127.06918335,0,0,2201
2201,강남구,ST-3111,04913,레베쌍트 빌딩 앞,4913. 레베쌍트 빌딩 앞,7,서울특별시 강남구 봉은사로86길 6 빌딩 레베쌍트,,37.51292038,127.05642700,0,0,2202
2202,강남구,ST-3112,04914,도심공항타워 앞,4914. 도심공항타워 앞,6,서울특별시 강남구 테헤란로87길 36 도심공항타워,,37.50999069,127.05847168,0,0,2203
2203,서대문구,ST-3113,04272,홍남교 사거리,4272. 홍남교 사거리,7,서울특별시 서대문구 남가좌동 318-20,,37.57601929,126.92683411,0,0,2204
2204,서대문구,ST-3114,04273,홍연2교 사거리,4273. 홍연2교 사거리,7,서울특별시 서대문구 홍은동 387-61,,37.57716751,126.92906189,0,0,2205
2205,강남구,ST-3115,04915,영동중앙교회 버스정류장,4915. 영동중앙교회 버스정류장,6,서울특별시 강남구 논현로 420,,37.49775314,127.03857422,0,0,2206
2206,노원구,ST-3116,05311,주공601동 상가 노원지하보도 앞,5311. 주공601동 상가 노원지하보도 앞,5,서울특별시 노원구 동일로 1386-2 가로판매대,,37.65229416,127.06134796,0,0,2207
2207,동작구,ST-3117,04181,보라매공원역 2번출구,4181. 보라매공원역 2번출구,6,서울특별시 동작구 여의대방로16길 1 태성대아파트,,37.49582291,126.91781616,0,0,2208
2208,강서구,ST-3118,05086,가양테크노타운,5086. 가양테크노타운,8,서울특별시 강서구 허준로 217 가양테크노타운,,37.56035995,126.86276245,0,0,2209
2209,도봉구,ST-3119,04089,동부센트레빌 앞,4089. 동부센트레빌 앞,10,서울특별시 도봉구 방학로 131-1 구두수선대,,37.66299057,127.03864288,0,0,2210
2210,양천구,ST-312,00704,남부법원검찰청 교차로,704. 남부법원검찰청 교차로,14,서울특별시 양천구 신정동 1095,남부법원검찰청 교차로,37.52325439,126.86490631,0,0,2211
2211,성동구,ST-3120,04386,현대자동차 동부서비스센터 주변,4386. 현대자동차 동부서비스센터 주변,5,서울특별시 성동구 성수이로 134 현대자동차써비스(주)동부사업소,,37.54697800,127.05796814,0,0,2212
2212,성동구,ST-3121,04387,성수역 1번출구 주변,4387. 성수역 1번출구 주변,8,서울특별시 성동구 아차산로 83 에프투텔레콤,,37.54555893,127.05336761,0,0,2213
2213,노원구,ST-3122,05314,월계1동주민센터 앞,5314. 월계1동주민센터 앞,6,서울특별시 노원구 석계로 59 월계1동주민센터,,37.61985016,127.06310272,0,0,2214
2214,노원구,ST-3123,05313,중계주공2단지 앞,5313. 중계주공2단지 앞,5,서울특별시 노원구 한글비석로 332 주공2단지아파트,,37.65694046,127.07804871,0,0,2215
2215,구로구,ST-3124,03925,중앙유통단지 앞 B,3925. 중앙유통단지 앞 B,10,서울특별시 구로구 경인로53길 15 중앙유통단지,,37.50127029,126.87678528,0,0,2216
2216,강서구,ST-3125,05088,등촌역 센터스퀘어,5088. 등촌역 센터스퀘어,16,서울특별시 강서구 공항대로 543 센터스퀘어,,37.55064774,126.86616516,0,0,2217
2217,은평구,ST-3126,04686,우물골 근린공원,4686. 우물골 근린공원,7,서울특별시 은평구 진관동 85-3,,37.63406754,126.92539215,0,0,2218
2218,은평구,ST-3127,04687,역촌센트레빌아파트 101동 앞,4687. 역촌센트레빌아파트 101동 앞,10,서울특별시 은평구 역촌동 233-1,,37.60354233,126.90672302,0,0,2219
2219,강서구,ST-3128,05089,LG사이언스파크 E10동,5089. LG사이언스파크 E10동,40,서울특별시 강서구 마곡중앙10로 70 LG사이언스파크,,37.56364822,126.83454132,0,0,2220
2220,강서구,ST-3129,05087,연세강서빌딩,5087. 연세강서빌딩,8,서울특별시 강서구 방화대로50길 8 연세강서빌딩,,37.57625198,126.81734467,0,0,2221
2221,양천구,ST-313,00706,신정네거리역,706. 신정네거리역,15,서울특별시 양천구 신월동 894,신정네거리역,37.52188110,126.85175323,0,0,2222
2222,마포구,ST-3130,05503,마포아트센터 앞,5503. 마포아트센터 앞,5,서울특별시 마포구 대흥로20길 28 마포아트센터,,37.55034256,126.94580078,0,0,2223
2223,송파구,ST-3131,05756,극동아파트,5756. 극동아파트,10,서울특별시 송파구 풍납동 436,,37.52618027,127.11676025,0,0,2224
2224,송파구,ST-3132,05757,방이역 3번출구,5757. 방이역 3번출구,8,서울특별시 송파구 양재대로 1127 방이역,,37.50833511,127.12567902,0,0,2225
2225,송파구,ST-3133,05758,올림픽선수기자촌아파트 123동 근처,5758. 올림픽선수기자촌아파트 123동 근처,10,서울특별시 송파구 방이동 181-8,,37.51064301,127.13167572,0,0,2226
2226,노원구,ST-3134,05315,당고개역 앞,5315. 당고개역 앞,5,서울특별시 노원구 상계로 309,,37.67073822,127.07962036,0,0,2227
2227,용산구,ST-3135,04640,원효로2가 교차로,4640. 원효로2가 교차로,8,서울특별시 용산구 원효로53길 4,,37.53577805,126.96221161,0,0,2228
2228,성동구,ST-3136,04388,하우스디세종타워 앞,4388. 하우스디세종타워 앞,10,서울특별시 성동구 성수일로10길 26 하우스디 세종타워,,37.54644394,127.05332184,0,0,2229
2229,강서구,ST-3137,05090,대상연구소,5090. 대상연구소,10,서울특별시 강서구 마곡동 761-5,,37.56980896,126.82857513,0,0,2230
2230,용산구,ST-3138,04641,아메리칸센터,4641. 아메리칸센터,10,서울특별시 용산구 이태원로 59,,37.54039001,126.97349548,0,0,2231
2231,서대문구,ST-3139,04270,우국한마음 아파트 맞은편,4270. 우국한마음 아파트 맞은편,5,서울특별시 서대문구 연희동 735,,37.57913971,126.93450928,0,0,2232
2232,양천구,ST-314,00707,신정3동주민센터,707. 신정3동주민센터,10,서울특별시 양천구 중앙로 209,신정3동주민센터,37.51515579,126.85489655,0,0,2233
2233,서대문구,ST-3140,04274,신촌 파랑고래 입구,4274. 신촌 파랑고래 입구,10,서울특별시 서대문구 연세로5나길 19 신촌. 파랑고래,,37.55687714,126.93603516,0,0,2234
2234,송파구,ST-3141,05759,풍납근린공원,5759. 풍납근린공원,6,서울특별시 송파구 풍납동 70-18,,37.53913879,127.12162018,0,0,2235
2235,영등포구,ST-3142,05858,영등포역5번출구,5858. 영등포역5번출구,10,서울특별시 영등포구 경인로 846 영등포 민자역사,,37.51669312,126.90807343,0,0,2236
2236,관악구,ST-3143,03819,서울대벤처타운역,3819. 서울대벤처타운역,13,서울특별시 관악구 신림동 110-99,,37.47220230,126.93390656,0,0,2237
2237,서초구,ST-3144,04333,서울고등학교 건너편,4333. 서울고등학교 건너편,5,서울특별시 서초구 서초동 1747-1,,37.48285294,127.00597382,0,0,2238
2238,강서구,ST-3145,05091,보타닉파크타워2,5091. 보타닉파크타워2,8,서울특별시 강서구 공항대로 213 보타닉파크타워2,,37.55948639,126.83131409,0,0,2239
2239,양천구,ST-3146,04542,월정초 사거리,4542. 월정초 사거리,5,서울특별시 양천구 가로공원로 156,,37.53642654,126.83341217,0,0,2240
2240,강동구,ST-3147,04951,강동농협 버스정류소 앞(광채빌라),4951. 강동농협 버스정류소 앞(광채빌라),5,서울특별시 강동구 구천면로 317 광채빌라,,37.54796600,127.13516235,0,0,2241
2241,송파구,ST-3148,05760,풍납사거리 성내유수지,5760. 풍납사거리 성내유수지,8,서울특별시 송파구 방이동 88-16,,37.52765274,127.11930084,0,0,2242
2242,노원구,ST-3149,05318,극동의 푸른별 아파트 뒤(중계4동주민센터 앞),5318. 극동의 푸른별 아파트 뒤(중계4동주민센터 앞),10,서울특별시 노원구 한글비석로14길 36 극동의푸른별 2차아파트,,37.65868759,127.07759094,0,0,2243
2243,양천구,ST-315,00708,서울출입국관리사무소 앞,708. 서울출입국관리사무소 앞,16,서울특별시 양천구 신정동 319-3,서울출입국관리사무소 앞,37.51897049,126.86996460,0,0,2244
2244,송파구,ST-3150,05763,세륜초등학교 건너편,5763. 세륜초등학교 건너편,10,서울특별시 송파구 양재대로 1231 올림픽공원역,,37.51919556,127.13262177,0,0,2245
2245,송파구,ST-3151,05764,한국체육대학교,5764. 한국체육대학교,8,서울특별시 송파구 양재대로 1239 한국체육대학교,,37.51795959,127.13178253,0,0,2246
2246,강북구,ST-3152,03720,우이천 창번교,3720. 우이천 창번교,5,서울특별시 강북구 번동 429-121,,37.63536072,127.03767395,0,0,2247
2247,송파구,ST-3153,05761,버섯분수대,5761. 버섯분수대,10,서울특별시 송파구 가락동 95-3,,37.49755478,127.11494446,0,0,2248
2248,강동구,ST-3154,03701,방아삼거리,3701. 방아삼거리,8,서울특별시 강동구 둔촌동 118-2,,37.52328110,127.14613342,0,0,2249
2249,동대문구,ST-3155,04128,종암초등학교 뒤(새울센스빌),4128.  종암초등학교 뒤(새울센스빌),5,서울특별시 동대문구 약령시로 20 새울센스빌,,37.58265686,127.03196716,0,0,2250
2250,서초구,ST-3156,04335,인재개발원 배움관,4335. 인재개발원 배움관,24,서울특별시 서초구 남부순환로340길 57 서울연구원,,37.47975540,127.01985168,0,0,2251
2251,서초구,ST-3157,04334,인재개발원 데이터센터,4334. 인재개발원 데이터센터,14,서울특별시 서초구 남부순환로340길 49 서울특별시데이터센터,,37.48011780,127.02180481,0,0,2252
2252,성북구,ST-3158,04421,롯데캐슬클라시아 입구 앞,4421. 롯데캐슬클라시아 입구 앞,10,서울특별시 성북구 길음동 1289-3,,37.60696030,127.02606964,0,0,2253
2253,용산구,ST-3159,04642,용산더프라임아파트 101동 앞,4642. 용산더프라임아파트 101동 앞,10,서울특별시 용산구 문배동 44,,37.53930283,126.97050476,0,0,2254
2254,양천구,ST-316,00709,신정3동 현장민원실 앞,709. 신정3동 현장민원실 앞,20,서울특별시 양천구 신정동 760-2,신정3동 현장민원실 앞,37.51158524,126.84156036,0,0,2255
2255,영등포구,ST-3160,05859,여의도 삼부아파트,5859. 여의도 삼부아파트,10,서울특별시 영등포구 국제금융로7길 27 삼부아파트,,37.52539444,126.93045807,0,0,2256
2256,중구,ST-3161,06053,중부세무서 앞,6053. 중부세무서 앞,5,서울특별시 중구 남학동 12-1,,37.56092453,126.99066162,0,0,2257
2257,송파구,ST-3162,05765,삼전동주민센터 건너편,5765. 삼전동주민센터 건너편,12,서울특별시 송파구 백제고분로 236-2 구두수선대,,37.50301743,127.09214020,0,0,2258
2258,양천구,ST-3163,04543,오목교역 6번 출구,4543. 오목교역 6번 출구,9,서울특별시 양천구 목동 404-174,,37.52367020,126.87567139,0,0,2259
2259,강남구,ST-3164,04916,청담역 1번출구,4916. 청담역 1번출구,5,서울특별시 강남구 영동대로 646 위레벤646,,37.51973724,127.05767822,0,0,2260
2260,동대문구,ST-3165,04131,베네스트 오피스텔 앞,4131. 베네스트 오피스텔 앞,8,서울특별시 동대문구 무학로 134-2 구두수선대,,37.57817078,127.03170013,0,0,2261
2261,관악구,ST-3166,03820,은천삼거리,3820. 은천삼거리,8,서울특별시 관악구 봉천동 42-59,,37.48506546,126.95545959,0,0,2262
2262,노원구,ST-3167,05317,공릉동 신도1차 아파트 뒤,5317. 공릉동 신도1차 아파트 뒤,5,서울특별시 노원구 동일로191가길 59 공릉동 신도1차아파트,,37.62780762,127.06961823,0,0,2263
2263,중랑구,ST-3168,04841,중화수경공원,4841. 중화수경공원,15,서울특별시 중랑구 중화동 50-13,,37.60318375,127.07413483,0,0,2264
2264,은평구,ST-3169,04689,은평서해그랑블아파트앞,4689. 은평서해그랑블아파트앞,10,서울특별시 은평구 서오릉로 253 은평서해그랑블,,37.61705017,126.90658569,0,0,2265
2265,양천구,ST-317,00710,금옥여고보도육교,710. 금옥여고보도육교,10,서울특별시 양천구 신정동 855-5,,37.50971222,126.84416962,0,0,2266
2266,영등포구,ST-3170,05861,보라주유소 앞,5861. 보라주유소 앞,10,서울특별시 영등포구 신길동,,37.51319885,126.92352295,0,0,2267
2267,영등포구,ST-3171,05860,어울림병원 앞,5860. 어울림병원 앞,10,서울특별시 영등포구 신길동 65-6,,37.51350021,126.92086792,0,0,2268
2268,도봉구,ST-3172,04091,방학역2번출구,4091. 방학역2번출구,10,서울특별시 도봉구 방학동 718,,37.66922379,127.04441833,0,0,2269
2269,동대문구,ST-3173,04132,이문삼익아파트 앞,4132. 이문삼익아파트 앞,10,서울특별시 동대문구 한천로55길 9 이문동삼익아파트,,37.59639740,127.06776428,0,0,2270
2270,노원구,ST-3174,05319,연해피빌 앞,5319. 연해피빌 앞,10,서울특별시 노원구 하계동 166-2,,37.63645935,127.07276917,0,0,2271
2271,도봉구,ST-3175,04090,녹천교 앞 사거리,4090. 녹천교 앞 사거리,15,서울특별시 도봉구 창동 38-6,,37.64564514,127.05459595,0,0,2272
2272,도봉구,ST-3176,04093,창동동아청솔정문 건너편,4093. 창동동아청솔정문 건너편,7,서울특별시 도봉구 창동 1-24,,37.65703964,127.04991150,0,0,2273
2273,도봉구,ST-3177,04092,도봉경찰서 교차로,4092. 도봉경찰서 교차로,10,서울특별시 도봉구 노해로70길 19 주공19단지아파트,,37.65265656,127.05309296,0,0,2274
2274,강남구,ST-3178,04919,학여울역사거리(은마아파트),4919. 학여울역사거리(은마아파트),6,서울특별시 강남구 대치동 398,,37.49665833,127.06938171,0,0,2275
2275,강남구,ST-3179,04917,일원에코파크 주차장,4917. 일원에코파크 주차장,5,서울특별시 강남구 일원동 698,,37.49404526,127.08678436,0,0,2276
2276,양천구,ST-318,00711,신일해피트리아파트 앞,711. 신일해피트리아파트 앞,20,서울특별시 양천구 신월동 1063-4,신일해피트리아파트 앞,37.51705933,126.84848785,0,0,2277
2277,서초구,ST-3180,04336,서울교육청 교육연수원 앞,4336. 서울교육청 교육연수원 앞,10,서울특별시 서초구 남부순환로 2248 서울시교원연수원,,37.47342300,126.99777222,0,0,2278
2278,서초구,ST-3181,04337,우면산등산로 입구,4337. 우면산등산로 입구,10,서울특별시 서초구 방배동 산33-2,,37.47691727,127.00611115,0,0,2279
2279,구로구,ST-3182,03927,구로월드아파트 앞,3927. 구로월드아파트 앞,9,서울특별시 구로구 구로중앙로39길 11,,37.50519562,126.87619019,0,0,2280
2280,강서구,ST-3183,05094,호돌이공원,5094. 호돌이공원,7,서울특별시 강서구 화곡동 947-3,,37.52841187,126.84603882,0,0,2281
2281,강북구,ST-3184,03724,삼양동주민센터 앞,3724. 삼양동주민센터 앞,20,서울특별시 강북구 미아동 762-136,,37.62491226,127.01979065,0,0,2282
2282,강남구,ST-3185,04918,매봉역 1번출구,4918. 매봉역 1번출구,5,서울특별시 강남구 남부순환로 2741,,37.48661041,127.04550934,0,0,2283
2283,광진구,ST-3186,03891,군자역4번출구,3891. 군자역4번출구,7,서울특별시 광진구 천호대로 567 성원주차장,,37.55681229,127.08107758,0,0,2284
2284,영등포구,ST-3187,05862,당산역11번출구,5862. 당산역11번출구,14,서울특별시 영등포구 당산로 220-2 구두수선대50,,37.53363037,126.90145874,0,0,2285
2285,광진구,ST-3188,03890,웰츠타워 오피스텔,3890. 웰츠타워 오피스텔,7,서울특별시 광진구 구의동 252-133,,37.53803253,127.08355713,0,0,2286
2286,구로구,ST-3189,03930,온수역 2번 출구 앞,3930. 온수역 2번 출구 앞,8,서울특별시 구로구 온수동 48-4,,37.49179459,126.82500458,0,0,2287
2287,양천구,ST-319,00712,강월초교입구 사거리,712. 강월초교입구 사거리,14,서울특별시 양천구 신월동 905,강월초교입구 사거리,37.51699829,126.83831787,0,0,2288
2288,송파구,ST-3190,05766,북위례1,5766. 북위례1,15,경기도 하남시 학암동 651-1,위례솔,37.48693085,127.15364838,0,0,2289
2289,송파구,ST-3191,05767,북위례2,5767. 북위례2,15,경기도 하남시 학암동 652-1,,37.48483276,127.14991760,0,0,2290
2290,노원구,ST-3192,05320,한국스포츠정책과학원 앞,5320. 한국스포츠정책과학원 앞,18,서울특별시 노원구 공릉동 25-64,,37.63573456,127.10585022,0,0,2291
2291,강북구,ST-3193,03725,강북 청소년 문화정보도서관 앞,3725. 강북 청소년 문화정보도서관 앞,5,서울특별시 강북구 삼양로54길 68 강북청소년문화정보도서관,,37.62302017,127.02186584,0,0,2292
2292,구로구,ST-3194,03929,고척아이파크아파트 205동 앞,3929. 고척아이파크아파트 205동 앞,15,서울특별시 구로구 중앙로5길 59,,37.50108719,126.86045837,0,0,2293
2293,구로구,ST-3195,03928,고척아이파크아파트 106동 앞,3928.고척아이파크아파트 106동 앞,10,서울특별시 구로구 경인로43길 49 고척아이파크,구로구 고척동 102-2,37.49801254,126.86098480,0,0,2294
2294,금천구,ST-3196,03986,청년주택 독산동점,3986.청년주택 독산동점,5,서울특별시 금천구 범안로15길 21,,37.46754074,126.89282227,0,0,2295
2295,도봉구,ST-3197,04094,도봉여성센터,4094.도봉여성센터,6,서울특별시 도봉구 방학로12길 28 도봉여성센터. 보육정보센터,,37.66334915,127.03045654,0,0,2296
2296,동대문구,ST-3198,04133,래미안허브리츠아파트 앞,4133.래미안허브리츠아파트 앞,7,서울특별시 동대문구 용두동 792-8,,37.57426071,127.03545380,0,0,2297
2297,관악구,ST-3199,03822,"신림4,5동교","3822.신림4,5동교",20,서울특별시 관악구 관천로 53,,37.48531723,126.92465973,0,0,2298
2298,마포구,ST-32,00130,신촌역(2호선) 7번출구 앞,130. 신촌역(2호선) 7번출구 앞,10,서울특별시 마포구 신촌로 94,31-123,37.55485916,126.93615723,0,0,2299
2299,양천구,ST-320,00713,양서중학교 옆,713. 양서중학교 옆,20,서울특별시 양천구 신월동 790,양서중학교 옆,37.53304672,126.82995605,0,0,2300
2300,영등포구,ST-3200,05864,장훈고 앞,5864.장훈고 앞,8,서울특별시 영등포구 신길동 195-3,,37.51156998,126.91397858,0,0,2301
2301,은평구,ST-3201,04690,은평뉴타운폭포동 힐스테이트4단지,4690.은평뉴타운폭포동 힐스테이트4단지,5,서울특별시 은평구 진관동 151-10,,37.62834167,126.93381500,0,0,2302
2302,서대문구,ST-3202,04275,농협생명본사빌딩 서관,4275.농협생명본사빌딩 서관,10,서울특별시 서대문구 통일로 81 NH농협생명빌딩,,37.56233597,126.96909332,0,0,2303
2303,성북구,ST-3203,04423,현대백화점 미아점,4423.현대백화점 미아점,10,서울특별시 성북구 길음동 1289-5,,37.60884857,127.02845764,0,0,2304
2304,영등포구,ST-3204,05865,더리브오피스텔 앞,5865.더리브오피스텔 앞,10,서울특별시 영등포구 경인로 900 여의도더리브스타일,,37.51791763,126.91259766,0,0,2305
2305,성동구,ST-3205,04389,서울숲역3번출구,4389. 서울숲역3번출구,5,서울특별시 성동구 성수동1가 694-71,,37.54255676,127.04423523,0,0,2306
2306,동대문구,ST-3206,04134,제기동 현대아파트 앞,4134. 제기동 현대아파트 앞,10,서울특별시 동대문구 정릉천동로 90 현대아파트,,37.57994843,127.03532410,0,0,2307
2307,강남구,ST-3207,04923,수협대치동지점,4923.수협대치동지점,9,서울특별시 강남구 영동대로 214-2,,37.49861526,127.06831360,0,0,2308
2308,강남구,ST-3208,04924,논현동가구거리,4924.논현동가구거리,8,서울특별시 강남구 논현동 56-21,,37.51280975,127.02636719,0,0,2309
2309,강동구,ST-3209,04952,천호시장 버스정류소 옆,4952.천호시장 버스정류소 옆,5,서울 강동구 천호동 397-465,,37.54146576,127.13025665,0,0,2310
2310,양천구,ST-321,00714,한국SGI 양천문화회관 앞,714. 한국SGI 양천문화회관 앞,10,서울특별시 양천구 신월동 790,한국SGI 양천문화회관 앞,37.53254700,126.83080292,0,0,2311
2311,중구,ST-3210,06054,청구e편한세상아파트 113동 앞,6054.청구e편한세상아파트 113동 앞,5,서울특별시 중구 신당동 44-40,,37.56104279,127.01821136,0,0,2312
2312,노원구,ST-3211,05321,불암아파트 앞,5321.불암아파트 앞,5,서울특별시 노원구 덕릉로118길 17 불암신기아파트,,37.66751862,127.07916260,0,0,2313
2313,영등포구,ST-3212,05866,포레나 당산,5866.포레나 당산,8,서울특별시 영등포구 당산로 83,,37.52195358,126.89550781,0,0,2314
2314,마포구,ST-3213,05504,아현교회,5504.아현교회,7,서울특별시 마포구 신촌로 212 아현교회당,,37.55677795,126.94934082,0,0,2315
2315,송파구,ST-3214,05768,방이삼거리,5768.방이삼거리,12,서울특별시 송파구 오금로 113 석촌씨티빌딩,,37.51229095,127.10825348,0,0,2316
2316,양천구,ST-3215,04544,경창시장,4544.경창시장,8,서울특별시 양천구 신월동 446-3,,37.52399445,126.84213257,0,0,2317
2317,서초구,ST-3216,04338,새정이마을버스정류장 앞,4338.새정이마을버스정류장 앞,5,서울특별시 서초구 신원동 44-32,,37.43474579,127.06594849,0,0,2318
2318,서초구,ST-3217,04339,한국콜마종합기술원 앞,4339.한국콜마종합기술원 앞,8,서울특별시 서초구 내곡동 188-3,,37.45531845,127.06365967,0,0,2319
2319,노원구,ST-3218,05322,노원성당 앞,5322.노원성당 앞,5,서울특별시 노원구 동일로227길 85 상계주공11단지아파트,,37.66450882,127.05270386,0,0,2320
2320,금천구,ST-3219,03987,LG전자가산A와 가산테라타워 사이,3987. LG전자가산A와 가산테라타워 사이,10,서울특별시 금천구 디지털로10길 78 가산테라타워,,37.47520447,126.89012909,0,0,2321
2321,용산구,ST-322,00800,목월공원 앞,800. 목월공원 앞,15,서울특별시 용산구 원효로4가 109-10,목월공원 앞,37.53243256,126.95474243,0,0,2322
2322,서초구,ST-3220,04340,방배래미안아트힐아파트 앞,4340. 방배래미안아트힐아파트 앞,5,서울특별시 서초구 남부순환로 2311-12 래미안방배아트힐,,37.47730637,127.00592041,0,0,2323
2323,서초구,ST-3221,04341,영동1교 북단,4341. 영동1교 북단,5,서울특별시 서초구 양재천로19길 4,,37.47555923,127.03826141,0,0,2324
2324,구로구,ST-3222,03932,개봉센트레빌레우스아파트 앞,3932. 개봉센트레빌레우스아파트 앞,10,서울특별시 구로구 개봉동 416-285,,37.49752045,126.85295105,0,0,2325
2325,구로구,ST-3223,03931,천왕역 3번 출구 뒤,3931. 천왕역 3번 출구 뒤,7,서울특별시 구로구 천왕동 14-129,,37.48690414,126.83894348,0,0,2326
2326,양천구,ST-3224,04545,청소년음악센터,4545. 청소년음악센터,10,서울특별시 양천구 신정동 759-5,,37.51061249,126.84261322,0,0,2327
2327,구로구,ST-3225,03934,철도교통관제센터 정문 앞,3934. 철도교통관제센터 정문 앞,7,서울특별시 구로구 구일로8길 150,,37.49708176,126.87788391,0,0,2328
2328,강서구,ST-3226,05095,원당근린공원,5095. 원당근린공원,9,서울특별시 강서구 강서로56길 49 원당공원화장실,,37.55947495,126.84147644,0,0,2329
2329,양천구,ST-3227,04546,목동운동장 주경기장,4546. 목동운동장 주경기장,14,서울특별시 양천구 안양천로 939 목동종합운동장,,37.53002167,126.88219452,0,0,2330
2330,성동구,ST-3228,04390,신답역 1번출구,4390. 신답역 1번출구,5,서울특별시 성동구 용답동 128-3,,37.57045364,127.04694366,0,0,2331
2331,송파구,ST-3229,05770,남위례1,5770. 남위례1,10,서울특별시 송파구 장지동 917-12,,37.47505188,127.13304138,0,0,2332
2332,송파구,ST-3230,05774,가락본동주민센터 인근,5774. 가락본동주민센터 인근,10,서울특별시 송파구 중대로 121 송파롯데캐슬파인힐,,37.49428558,127.12170410,0,0,2333
2333,송파구,ST-3231,05772,마천사거리3,5772. 마천사거리3,5,서울특별시 송파구 거마로 62 효명빌딩,,37.49837112,127.14695740,0,0,2334
2334,송파구,ST-3232,05773,송파시그니처롯데캐슬,5773. 송파시그니처롯데캐슬,12,서울특별시 송파구 거여동 697,,37.49714279,127.14641571,0,0,2335
2335,중랑구,ST-3233,04842,면목라온프라이빗 아파트,4842. 면목라온프라이빗 아파트,20,서울특별시 중랑구 면목동 727-101,,37.58267593,127.07765961,0,0,2336
2336,강북구,ST-3234,03726,삼양동사거리,3726.삼양동사거리,6,서울특별시 강북구 삼양로27길 19 삼성래미안트리베라아파트,,37.61792755,127.02136230,0,0,2337
2337,영등포구,ST-3235,05867,H타워 앞,5867. H타워 앞,10,서울특별시 영등포구 버드나루로 15,,37.52024078,126.91245270,0,0,2338
2338,금천구,ST-3236,03988,엘아르베뉴 102동 앞,3988. 엘아르베뉴 102동 앞,5,서울특별시 금천구 가산로9길 109,,37.47452545,126.88707733,0,0,2339
2339,구로구,ST-3237,03933,오류동부골든아파트 후문 옆,3933. 오류동부골든아파트 후문 옆,10,서울특별시 구로구 고척로 49 동부골든아파트,,37.49938202,126.84114075,0,0,2340
2340,영등포구,ST-3238,05868,로프트시티오피스텔,5868. 로프트시티오피스텔,6,서울특별시 영등포구 영등포로 244 로프트시티,,37.51906204,126.90839386,0,0,2341
2341,영등포구,ST-3239,05870,LG트윈타워 앞,5870. LG트윈타워 앞,10,서울특별시 영등포구 여의대로 128,,37.52834702,126.93008423,0,0,2342
2342,용산구,ST-324,00802,한강진역 2번 출구 앞,802. 한강진역 2번 출구 앞,9,서울특별시 용산구 한남동 726-494,한강진역 2번 출구 앞,37.54115295,127.00221252,0,0,2343
2343,강남구,ST-3240,04926,대치우성아파트 사거리,4926. 대치우성아파트 사거리,10,서울특별시 강남구 영동대로 230 우성1차아파트,,37.50099564,127.06803894,0,0,2344
2344,영등포구,ST-3241,05869,영등포아트홀 앞,5869. 영등포아트홀 앞,10,서울특별시 영등포구 국회대로 596 영등포구민회관,,37.52668381,126.90019226,0,0,2345
2345,송파구,ST-3242,05775,가락시장역 5번출구,5775. 가락시장역 5번출구,10,서울특별시 송파구 송파대로 234,,37.49253845,127.11944580,0,0,2346
2346,강남구,ST-3243,04925,청담백영빌딩 앞,4925. 청담백영빌딩 앞,7,서울특별시 강남구 도산대로 446-2,,37.52390289,127.04660797,0,0,2347
2347,마포구,ST-3244,05506,월드컵참누리아파트,5506. 월드컵참누리아파트,10,서울특별시 마포구 월드컵북로38길 53 월드컵참누리아파트,,37.57212448,126.90597534,0,0,2348
2348,강남구,ST-3245,04928,교수마을 입구,4928. 교수마을 입구,10,서울특별시 강남구 자곡동 203-1,,37.48185730,127.10456085,0,0,2349
2349,송파구,ST-3246,05776,잠실유수지,5776. 잠실유수지,10,서울특별시 송파구 도곡로62길 10 체육시설 관리사무실,,37.50411224,127.07662201,0,0,2350
2350,송파구,ST-3247,05777,호반써밋12단지,5777. 호반써밋12단지,11,서울특별시 송파구 거여동 657,,37.48448563,127.14067841,0,0,2351
2351,강동구,ST-3248,04953,세양청마루아파트 앞,4953. 세양청마루아파트 앞,10,서울특별시 강동구 천호대로 1162 세양청마루아파트,,37.53346634,127.14050293,0,0,2352
2352,용산구,ST-3249,04643,한가람아파트 앞,4643. 한가람아파트 앞,7,서울특별시 용산구 이촌로71길 10 한가람아파트,,37.52027130,126.97335052,0,0,2353
2353,용산구,ST-325,00803,한남초교 앞 보도육교,803. 한남초교 앞 보도육교,10,서울특별시 용산구 한남동 725-17,한남초교 앞 보도육교,37.53813934,127.00409698,0,0,2354
2354,영등포구,ST-3250,05871,건영상가 앞,5871. 건영상가 앞,13,서울특별시 영등포구 도림로 325-2 구두수선대68,,37.50611877,126.90161133,0,0,2355
2355,강서구,ST-3251,05096,LG사이언스파크 E14동,5096. LG사이언스파크 E14동,57,서울특별시 강서구 마곡중앙10로 70 LG사이언스파크,,37.56349564,126.83583069,0,0,2356
2356,구로구,ST-3252,03935,고대구로병원 앞,3935. 고대구로병원 앞,10,서울특별시 구로구 가마산로 208,,37.49312592,126.88424683,0,0,2357
2357,중랑구,ST-3253,04843,봉화산역 4번 출구,4843. 봉화산역 4번 출구,8,서울특별시 중랑구 신내로 225 디아뜨갤러리,,37.61738586,127.09078217,0,0,2358
2358,강남구,ST-3254,04929,파스쿠찌 청담사거리점 앞,4929. 파스쿠찌 청담사거리점 앞,6,서울특별시 강남구 도산대로 520-2,,37.52464676,127.04914856,0,0,2359
2359,중구,ST-3255,06055,한국경제,6055. 한국경제,8,서울특별시 중구 청파로 463 한국경제신문사,,37.56062698,126.96768188,0,0,2360
2360,노원구,ST-3256,05323,하계역 4번출구 앞,5323. 하계역 4번출구 앞,13,서울특별시 노원구 한글비석로 39-2,,37.63534546,127.06752777,0,0,2361
2361,서초구,ST-3257,04343,헌인릉 입구,4343. 헌인릉 입구,5,서울특별시 서초구 내곡동 1-3244,,37.46066284,127.08129883,0,0,2362
2362,동대문구,ST-3258,04135,삼성생명 앞,4135. 삼성생명 앞,18,서울특별시 동대문구 왕산로 168 삼성화재청량리사옥,,37.57902145,127.04224396,0,0,2363
2363,강서구,ST-3259,05097,LG사이언스파크 E2동,5097. LG사이언스파크 E2동,40,서울특별시 강서구 마곡중앙10로 30 LG사이언스파크,,37.56381607,126.83208466,0,0,2364
2364,용산구,ST-326,00805,문배어린이공원 앞,805. 문배어린이공원 앞,9,서울특별시 용산구 문배동 34-10,문배어린이공원 앞,37.53675842,126.97000122,0,0,2365
2365,강서구,ST-3260,05099,LG사이언스파크 E7동,5099. LG사이언스파크 E7동,40,서울특별시 강서구 마곡중앙10로 30 LG사이언스파크,,37.56153488,126.83193970,0,0,2366
2366,강서구,ST-3261,05098,LG사이언스파크 W4동,5098. LG사이언스파크 W4동,20,서울특별시 강서구 마곡중앙10로 10 LG사이언스파크,,37.56403732,126.82978821,0,0,2367
2367,노원구,ST-3262,05326,대진고교앞 교차로,5326. 대진고교앞 교차로,10,서울특별시 노원구 노원로 238,,37.63917160,127.07472992,0,0,2368
2368,강서구,ST-3263,05100,강서도로사업소,5100. 강서도로사업소,2,서울특별시 강서구 양천로 201,,37.57331848,126.83007050,0,0,2369
2369,성북구,ST-3264,04425,하늘채코오롱아파트 앞,4425. 하늘채코오롱아파트 앞,10,서울특별시 성북구 장위동 319-2,,37.61924744,127.04558563,0,0,2370
2370,성동구,ST-3265,04393,상원삼거리 장안철교 아래,4393. 상원삼거리 장안철교 아래,10,서울특별시 성동구 성수동2가 283-1,,37.55105209,127.05222321,0,0,2371
2371,노원구,ST-3266,05325,상계주공7단지 아파트 앞,5325.상계주공7단지 아파트 앞,10,서울특별시 노원구 동일로 1456 상계주공7단지아파트,,37.65983963,127.05935669,0,0,2372
2372,성동구,ST-3267,04392,답십리역 6번출구,4392. 답십리역 6번출구,5,서울특별시 성동구 천호대로 282 남주빌딩,,37.56678009,127.05233002,0,0,2373
2373,강남구,ST-3268,04930,학여울역 1번출구,4930. 학여울역 1번출구,10,서울특별시 강남구 남부순환로 3104 SETEC,,37.49662018,127.07099915,0,0,2374
2374,도봉구,ST-3269,04095,방학브라운스톤아파트,4095. 방학브라운스톤아파트,8,서울특별시 도봉구 방학동 726-155,,37.66289139,127.04540253,0,0,2375
2375,용산구,ST-327,00806,전자랜드 본관 앞,806. 전자랜드 본관 앞,20,서울특별시 용산구 한강로3가 16-8,전자랜드 본관 앞,37.53306580,126.96073151,0,0,2376
2376,노원구,ST-3270,05327,태릉선수촌 앞,5327. 태릉선수촌 앞,10,서울특별시 노원구 공릉동 25-64,,37.63434219,127.10427856,0,0,2377
2377,마포구,ST-3271,05507,아현래미안푸르지오아파트 104동 앞,5507. 아현래미안푸르지오아파트 104동 앞,10,서울특별시 마포구 아현동 790,,37.55515671,126.95292664,0,0,2378
2378,마포구,ST-3272,05508,성산유수지공원,5508. 성산유수지공원,8,서울특별시 마포구 성중길 82,,37.57402039,126.90102386,0,0,2379
2379,송파구,ST-3273,05778,북위례3,5778. 북위례3,15,서울특별시 송파구 거여동 657-12,,37.48884964,127.15699768,0,0,2380
2380,노원구,ST-3274,05328,롯데캐슬시그니처아파트 앞,5328.롯데캐슬시그니처아파트 앞,10,서울특별시 노원구 상계동 140-357,,37.66475296,127.07600403,0,0,2381
2381,중랑구,ST-3275,04845,신내역금강펜테리움센트럴파크,4845. 신내역금강펜테리움센트럴파크,10,서울특별시 중랑구 망우동 609,,37.60910034,127.11160278,0,0,2382
2382,강서구,ST-3276,06171,월드빌딩 앞,6171. 월드빌딩 앞,12,서울특별시 강서구 화곡동 1089-50,,37.54098129,126.83743286,0,0,2383
2383,성동구,ST-3277,04394,서울시립24시간게스트하우스,4394.서울시립24시간게스트하우스,2,서울특별시 성동구 가람길 125,,37.55433273,127.05822754,0,0,2384
2384,노원구,ST-3278,05329,상계주공15단지 1509동 앞,5329. 상계주공15단지 1509동 앞,10,서울특별시 노원구 동일로227길 26 상계주공15단지아파트,,37.66940308,127.05632019,0,0,2385
2385,은평구,ST-3279,04693,수색감리교회,4693. 수색감리교회,8,서울특별시 은평구 은평터널로 15,,37.58369446,126.89412689,0,0,2386
2386,용산구,ST-328,00807,서울역 12번 출구 앞,807. 서울역 12번 출구 앞,10,서울특별시 용산구 동자동 14-229,서울역 12번 출구 앞,37.55227661,126.97268677,0,0,2387
2387,노원구,ST-3280,05330,구립수락노인종합복지관,5330. 구립수락노인종합복지관,15,서울특별시 노원구 수락산로 214 구립 수락노인종합복지관,,37.67125320,127.05474854,0,0,2388
2388,강서구,ST-3281,06172,가양5단지아파트,6172. 가양5단지아파트,10,서울특별시 강서구 양천로57길 36 가양5단지아파트,,37.56447983,126.85464478,0,0,2389
2389,노원구,ST-3282,05331,공릉동 풍림아파트 112동 앞,5331. 공릉동 풍림아파트 112동 앞,5,서울특별시 노원구 섬밭로 139 공릉풍림아파트,,37.62819290,127.06787872,0,0,2390
2390,영등포구,ST-3283,05872,서경팰리스 앞,5872. 서경팰리스 앞,7,서울특별시 영등포구 신길동 262-1,,37.50576401,126.90866089,0,0,2391
2391,강서구,ST-3284,06173,서울자동차운전전문학원,6173. 서울자동차운전전문학원,10,서울특별시 강서구 남부순환로 222 서울자동차학원,,37.54613495,126.82106018,0,0,2392
2392,송파구,ST-3285,05779,나래교,5779. 나래교,8,서울특별시 송파구 장지동 432-11,,37.48009491,127.13849640,0,0,2393
2393,동대문구,ST-3286,04136,롯데캐슬SKY-L65 D동 앞,4136. 롯데캐슬SKY-L65 D동 앞,7,서울특별시 동대문구 전농동 623-19,,37.57763290,127.04463959,0,0,2394
2394,노원구,ST-3287,05332,마들역 4번출구,5332. 마들역 4번출구,11,서울특별시 노원구 동일로 1449 도봉운전면허시험장,,37.66401672,127.05817413,0,0,2395
2395,노원구,ST-3288,05333,노원역9번-10번 출구 앞,5333. 노원역9번-10번 출구 앞,30,서울특별시 노원구 상계동 337-4,,37.65652847,127.06346130,0,0,2396
2396,노원구,ST-3289,05335,하계역 1번 출구,5335. 하계역 1번 출구,13,서울특별시 노원구 공릉로 351 한신청구아파트,,37.63789749,127.06760406,0,0,2397
2397,용산구,ST-329,00808,서빙고동 금호맨션 앞,808. 서빙고동 금호맨션 앞,10,서울특별시 용산구 서빙고동 235-5,서빙고동 금호맨션 앞,37.52050400,126.98973846,0,0,2398
2398,노원구,ST-3290,05334,화랑대역 3번출구,5334. 화랑대역 3번출구,8,서울특별시 노원구 공릉동 90-3,,37.62081528,127.08399200,0,0,2399
2399,중구,ST-3291,06057,을지로5가(방산시장),6057. 을지로5가(방산시장),6,서울특별시 중구 동호로 367-1 구두수선대212,,37.56739807,127.00201416,0,0,2400
2400,서대문구,ST-33,00131,증산2교,131. 증산2교,20,서울특별시 서대문구 증가로 264,북가좌동354-4,37.58417130,126.91110229,0,0,2401
2401,용산구,ST-330,00809,한남 유수지 복개주차장,809. 한남 유수지 복개주차장,10,서울특별시 용산구 독서당로 18,한남 유수지 복개주차장,37.53016663,127.00743866,0,0,2402
2402,용산구,ST-331,00810,이태원지하보도,810. 이태원지하보도,10,서울특별시 용산구 용산동2가 5-1812,이태원지하보도,37.53841019,126.98664856,0,0,2403
2403,용산구,ST-332,00811,녹사평역1번출구,811. 녹사평역1번출구,20,서울특별시 용산구 용산동2가 6-7,녹사평역1번출구,37.53507996,126.98538208,0,0,2404
2404,용산구,ST-333,00812,용산전쟁기념관,812. 용산전쟁기념관,10,서울특별시 용산구 용산동1가 8-4,용산전쟁기념관,37.53483963,126.97766113,0,0,2405
2405,용산구,ST-334,00813,삼각지역 3번출구,813. 삼각지역 3번출구,20,서울특별시 용산구 한강로1가 228-1,삼각지역 3번출구,37.53351212,126.97227478,0,0,2406
2406,용산구,ST-335,00815,LIG강촌아파트 103동앞,815. LIG강촌아파트 103동앞,30,서울특별시 용산구 이촌동301-5,LIG강촌아파트 103동앞,37.51850891,126.97879791,0,0,2407
2407,종로구,ST-336,00385,종각역 5번출구,385. 종각역 5번출구,10,서울특별시 종로구 서린동 26-1,종각역 5번출구,37.56983566,126.98265839,0,0,2408
2408,종로구,ST-337,00386,올림픽기념 국민생활관 앞,386. 올림픽기념 국민생활관 앞,10,서울특별시 종로구 성균관로 91,올림픽기념 국민생활관 앞,37.59023285,126.99851990,0,0,2409
2409,중구,ST-338,00387,훈련원공원주차장 앞,387. 훈련원공원주차장 앞,10,서울특별시 중구 을지로 227,훈련원공원주차장 앞,37.56699371,127.00346375,0,0,2410
2410,마포구,ST-339,00181,망원초록길 입구,181. 망원초록길 입구,15,서울특별시 마포구 마포나루길 467,망원초록길 입구,37.55134201,126.90267181,0,0,2411
2411,마포구,ST-340,00182,망원2빗물펌프장 앞,182. 망원2빗물펌프장 앞,9,서울특별시 마포구 합정동 450-47,,37.55136490,126.90306091,0,0,2412
2412,마포구,ST-341,00183,하늘채코오롱아파트 건너편,183. 하늘채코오롱아파트 건너편,15,서울특별시 마포구 연남동 365-19,,37.56538773,126.91932678,0,0,2413
2413,마포구,ST-342,00184,7번가피자 서교망원점,184. 7번가피자 서교망원점,8,서울특별시 마포구 월드컵로 119,SK망원동주유소 건너편,37.55894852,126.90775299,0,0,2414
2414,마포구,ST-343,00185,마포 신수공원 앞,185. 마포 신수공원 앞,15,서울특별시 마포구 현석동 106-32,마포 신수공원 앞,37.54254532,126.93429565,0,0,2415
2415,마포구,ST-344,00186,월드컵공원,186. 월드컵공원,40,서울특별시 마포구 하늘공원로 108-1,월드컵공원,37.56396484,126.89820862,0,0,2416
2416,서대문구,ST-345,00177,북가좌 초등학교,177. 북가좌 초등학교,8,서울특별시 서대문구 북가좌동 427-1,,37.57763672,126.90965271,0,0,2417
2417,서대문구,ST-346,00188,홍은동 정원여중 입구,188. 홍은동 정원여중 입구,9,서울특별시 서대문구 연희로37안길 51,홍은동 정원여중 입구,37.58638763,126.93512726,0,0,2418
2418,서대문구,ST-347,00191,서우빌딩,191. 서우빌딩,10,서울특별시 서대문구 응암로 66,정명학원,37.57889175,126.91073608,0,0,2419
2419,서대문구,ST-348,00192,연서어린이공원,192. 연서어린이공원,10,서울특별시 서대문구 연희동 519-7,연서어린이공원,37.57222748,126.92306519,0,0,2420
2420,서대문구,ST-349,00178,증산3교 앞,178. 증산3교 앞,10,서울특별시 서대문구 북가좌동 352-9,증산3교 앞,37.57987595,126.90634918,0,0,2421
2421,서대문구,ST-35,00133,해담는다리,133. 해담는다리,15,서울특별시 서대문구 불광천길 150,345-27,37.58203125,126.90899658,0,0,2422
2422,서대문구,ST-350,00194,증산교 앞,194. 증산교 앞,10,서울특별시 서대문구 불광천길 36,증산교 앞,37.57731628,126.90296936,0,0,2423
2423,서대문구,ST-351,00195,모래내고가차도,195. 모래내고가차도 ,10,서울특별시 서대문구 연희동 446-76,모래내고가차도 ,37.56765747,126.91780853,0,0,2424
2424,서대문구,ST-352,00196,연희교차로 인근,196. 연희교차로 인근,10,서울특별시 서대문구 홍제천로 48,연희교차로 인근,37.56612015,126.92589569,0,0,2425
2425,서대문구,ST-354,00198,충정2교,198. 충정2교,15,서울특별시 서대문구 충정로3가 155-4,충청2교,37.56213760,126.96377563,0,0,2426
2426,성동구,ST-357,00556,달맞이공원,556. 달맞이공원,14,서울특별시 성동구 금호동4가 367-1,달맞이공원,37.54205322,127.02040100,0,0,2427
2427,성동구,ST-358,00557,도선동 주민센터 앞,557. 도선동 주민센터 앞,10,서울특별시 성동구 무학로10길 6,도선동 주민센터 앞,37.56764221,127.02569580,0,0,2428
2428,성동구,ST-359,00558,성동광진 교육지원청 앞,558. 성동광진 교육지원청 앞,20,서울특별시 성동구 고산자로 260,성동광진 교육지원청 앞,37.56460571,127.03652191,0,0,2429
2429,서대문구,ST-36,00134,연세로 명물길,134. 연세로 명물길,8,서울특별시 서대문구 명물길 33,31-69,37.55789185,126.93807983,0,0,2430
2430,성동구,ST-360,00559,왕십리역 4번 출구 건너편,559. 왕십리역 4번 출구 건너편,13,서울특별시 성동구 왕십리광장로 10-1,왕십리역 4번 출구 건너편,37.56109619,127.03679657,0,0,2431
2431,성동구,ST-361,00560,비전교회 앞,560. 비전교회 앞,8,서울특별시 성동구 동일로 213,비전교회 앞,37.55120468,127.06893158,0,0,2432
2432,성동구,ST-362,00561,서울숲역 2번출구 앞,561. 서울숲역 2번출구 앞,10,서울특별시 성동구 왕십리로 64,서울숲역 2번출구 앞,37.54281616,127.04467010,0,0,2433
2433,성동구,ST-363,00562,군자지하보도 앞,562. 군자지하보도 앞,10,서울특별시 성동구 동일로 313,군자지하보도 앞,37.55924606,127.07341003,0,0,2434
2434,성동구,ST-364,00563,성동세무서 건너편,563. 성동세무서 건너편,10,서울특별시 성동구 광나루로 302,성동세무서 건너편,37.54791260,127.06275177,0,0,2435
2435,성동구,ST-365,00564,금호역 3번출구,564. 금호역 3번출구,10,서울특별시 성동구 동호로 99,금호역 3번출구,37.54792786,127.01557159,0,0,2436
2436,성동구,ST-366,00565,옥수역 3번출구,565. 옥수역 3번출구,19,서울특별시 성동구 옥수동 192-2,,37.54136658,127.01776123,0,0,2437
2437,성동구,ST-368,00567,성수역 2번출구 앞,567. 성수역 2번출구 앞,15,서울특별시 성동구 아차산로 113,성수역 2번출구 앞,37.54459000,127.05708313,0,0,2438
2438,성동구,ST-369,00568,청계8가 사거리 B,568. 청계8가 사거리 B,14,서울특별시 동대문구 청계천로 417,청계8가사거리 부근,37.57110214,127.02355957,0,0,2439
2439,서대문구,ST-37,00135,명물길 원형무대 앞,135. 명물길 원형무대 앞,10,서울특별시 서대문구 명물길 65,,37.55922699,126.93984222,0,0,2440
2440,성동구,ST-370,00569,응봉현대아파트 정류소,569. 응봉현대아파트 정류소,10,서울특별시 성동구 독서당로 381,응봉동현대아파트 정류소,37.54958344,127.03024292,0,0,2441
2441,성동구,ST-371,00578,성동세무서 부근,578. 성동세무서 부근,8,서울특별시 성동구 광나루로 297 성동세무서,,37.54829025,127.06246185,0,0,2442
2442,성동구,ST-372,00579,마장역 4번출구,579. 마장역 4번출구,8,서울특별시 성동구 마장로 292-1,마장역 4번출구,37.56520462,127.04184723,0,0,2443
2443,성동구,ST-373,00580,신금호역 3번출구 뒤,580. 신금호역 3번출구 뒤,6,서울특별시 성동구 무수막길 97,신금호역 3번출구 뒤,37.55449295,127.02021027,0,0,2444
2444,성동구,ST-374,00581,용답초등학교,581. 용답초등학교,13,서울특별시 성동구 용답25길 1,용답초등학교,37.56101227,127.05423737,0,0,2445
2445,성동구,ST-375,00582,경일중학교 앞,582. 경일중학교 앞,10,서울특별시 성동구 성수일로 27,경일중학교 앞,37.54317856,127.04907990,0,0,2446
2446,성동구,ST-376,00583,청계천 생태교실 앞,583. 청계천 생태교실 앞,25,서울특별시 성동구 마장로39길 51,청계천 생태교실 앞,37.56797028,127.04689026,0,0,2447
2447,광진구,ST-377,00551,구의삼성쉐르빌 앞,551. 구의삼성쉐르빌 앞,13,서울특별시 광진구 구의강변로 106,구의삼성쉐르빌 앞,37.54006195,127.09449768,0,0,2448
2448,광진구,ST-378,00552,대림아크로리버 앞,552. 대림아크로리버 앞,9,서울특별시 광진구 구의강변로 64,대림아크로리버 앞,37.53657913,127.09297180,0,0,2449
2449,광진구,ST-379,00553,중곡 성원아파트 앞,553. 중곡 성원아파트 앞,19,서울특별시 광진구 동일로 459,중곡 성원APT 앞,37.57125473,127.07980347,0,0,2450
2450,마포구,ST-38,00136,대흥동 주민센터,136. 대흥동 주민센터,7,서울특별시 마포구 신촌로26길 10,1-83,37.55600357,126.94229889,0,0,2451
2451,광진구,ST-381,00555,구의3동주민센터,555. 구의3동주민센터,9,서울특별시 광진구 강변역로 17,구의3동주민센터,37.53784943,127.09217072,0,0,2452
2452,광진구,ST-382,00571,세종대학교 대양AI센터,571. 세종대학교 대양AI센터,20,서울특별시 광진구 군자동 98-22,,37.55039597,127.07585907,0,0,2453
2453,광진구,ST-383,00572,국립정신 건강센터 앞,572. 국립정신 건강센터 앞,10,서울특별시 광진구 능동로 398,국립정신 건강센터 앞,37.56538010,127.08650970,0,0,2454
2454,광진구,ST-384,00573,구의문주차장 앞,573. 구의문주차장 앞,10,서울특별시 광진구 능동로 216,구의문주차장 앞,37.54523087,127.08473206,0,0,2455
2455,광진구,ST-385,00574,아차산역4번출구,574. 아차산역4번출구,45,서울특별시 광진구 능동로 216,아차산역4번출구,37.55184937,127.08898163,0,0,2456
2456,광진구,ST-386,00575,대원중고교 입구(대하빌딩),575. 대원중고교 입구(대하빌딩),10,서울특별시 광진구 용마산로 120,중앙농협 중곡지점,37.56429291,127.08693695,0,0,2457
2457,광진구,ST-387,00576,광나루역 3번 출구,576. 광나루역 3번 출구,10,서울특별시 광진구 아차산로 552,광나루역 3번 출구,37.54483032,127.10426331,0,0,2458
2458,광진구,ST-388,00577,광진청소년수련관,577. 광진청소년수련관,10,서울특별시 광진구 구천면로 2,광진청소년수련관,37.54654694,127.10613251,0,0,2459
2459,동대문구,ST-389,00621,전농초등학교 건너편,621. 전농초등학교 건너편,8,서울특별시 동대문구 전농동 693-1,,37.57489014,127.05353546,0,0,2460
2460,서대문구,ST-39,00137,신촌기차역입구 교차로,137. 신촌기차역입구 교차로,10,서울특별시 서대문구 연세로2다길 58,60-11,37.55681229,126.94318390,0,0,2461
2461,동대문구,ST-390,00622,전농사거리 교통섬,622. 전농사거리 교통섬,15,서울특별시 동대문구 사가정로 119,전농사거리 교통섬(전농서적 앞),37.57779312,127.05783081,0,0,2462
2462,동대문구,ST-391,00623,서울시립대 정문 앞 B,623. 서울시립대 정문 앞 B,25,서울특별시 동대문구 서울시립대로 161,서울시립대 정문 앞(시더프라자빌딩 앞),37.58369827,127.05385590,0,0,2463
2463,동대문구,ST-392,00624,전농동 동아아파트 앞,624. 전농동 동아아파트 앞,10,서울특별시 동대문구 서울시립대로 31,전농동 동아아파트 앞(T-World 앞 보도),37.57418823,127.04589081,0,0,2464
2464,동대문구,ST-393,00625,답십리초등학교 앞(현대시장 옆),625. 답십리초등학교 앞(현대시장 옆),9,서울특별시 동대문구 전농로 34,답십리초등학교 앞(현대시장 옆),37.56819153,127.05717468,0,0,2465
2465,동대문구,ST-394,00626,군자교 서측 녹지대,626. 군자교 서측 녹지대,17,서울특별시 동대문구 장한로6길 95,군자교녹지대 동측 앞,37.56115341,127.07096863,0,0,2466
2466,동대문구,ST-395,00627,장안동삼거리 교통섬,627. 장안동삼거리 교통섬,10,서울특별시 동대문구 사가정로 240,장안동삼거리 교통섬,37.57863235,127.07190704,0,0,2467
2467,동대문구,ST-396,00628,휘봉고등학교 앞,628. 휘봉고등학교 앞,15,서울특별시 동대문구 한천로 290,휘봉고등학교 앞,37.58681488,127.06754303,0,0,2468
2468,동대문구,ST-397,00630,동대문구 보건소,630. 동대문구 보건소,15,서울특별시 동대문구 천호대로 145,동대문구 보건소,37.57485199,127.04030609,0,0,2469
2469,동대문구,ST-398,00631,답십리역 1번출구,631. 답십리역 1번출구,15,서울특별시 동대문구 천호대로 269,답십리역 1번출구,37.56818390,127.05127716,0,0,2470
2470,마포구,ST-4,00102,망원역 1번출구 앞,102. 망원역 1번출구 앞,15,서울특별시 마포구 월드컵로 72,475-54,37.55564880,126.91062927,0,0,2471
2471,서대문구,ST-40,00138,신촌동 제1공영주차장 앞,138. 신촌동 제1공영주차장 앞,10,서울특별시 서대문구 증가로 264,342-14,37.55917740,126.93452454,0,0,2472
2472,동대문구,ST-400,00633,청량리 기업은행 앞,633. 청량리 기업은행 앞,8,서울특별시 동대문구 홍릉로 1,청량리 기업은행 앞,37.58040619,127.04482269,0,0,2473
2473,동대문구,ST-401,00634,외국어대 정문 앞,634. 외국어대 정문 앞,24,서울특별시 동대문구 이문로 107,외국어대 정문 앞,37.59601974,127.05982971,0,0,2474
2474,동대문구,ST-402,00635,시조사 앞,635. 시조사 앞,12,서울특별시 동대문구 이문로1길 11,시조사 앞 (청량고정문 옆),37.58751678,127.05277252,0,0,2475
2475,동대문구,ST-403,00636,세종대왕기념관 교차로,636. 세종대왕기념관 교차로,9,서울특별시 동대문구 회기로 56,세종대왕기념관 교차로,37.59090042,127.04258728,0,0,2476
2476,동대문구,ST-404,00637,KAIST 경영대학 앞,637. KAIST 경영대학 앞,10,서울특별시 동대문구 회기로 85,KAIST 경영대학 앞,37.59161377,127.04579163,0,0,2477
2477,동대문구,ST-405,00638,서울시립대 정보기술관,638. 서울시립대 정보기술관,10,서울특별시 동대문구 한천로43길 12-14,서울시립대 정보기술관,37.58300781,127.06097412,0,0,2478
2478,동대문구,ST-406,00639,서울시립대 후문,639. 서울시립대 후문,14,서울특별시 동대문구 서울시립대로 163 서울시립대학교,,37.58512497,127.06095123,0,0,2479
2479,동대문구,ST-407,00640,동대문경찰서 교차로,640. 동대문경찰서 교차로,6,서울특별시 동대문구 홍릉로 26-1 거리가게,,37.58255005,127.04460144,0,0,2480
2480,동대문구,ST-408,00641,용두역 4번출구,641. 용두역 4번출구,10,서울특별시 동대문구 청계천로 563,용두역 4번출구,37.57375336,127.03853607,0,0,2481
2481,동대문구,ST-409,00642,신답역 사거리,642. 신답역 사거리,9,서울특별시 동대문구 천호대로 231,,37.57035446,127.04843140,0,0,2482
2482,서대문구,ST-41,00140,이화여대 후문,140. 이화여대 후문,22,서울특별시 서대문구 연세로 50-1,89-4,37.56000900,126.94073486,0,0,2483
2483,동대문구,ST-410,00643,동대문구민체육센터 (육교아래),643. 동대문구민체육센터 (육교아래),10,서울특별시 동대문구 장안동 473-6,,37.56697083,127.07429504,0,0,2484
2484,영등포구,ST-413,00230,영등포구청역 1번출구,230. 영등포구청역 1번출구,13,서울특별시 영등포구 당산로 111-2,영등포구청역 1번출구,37.52463531,126.89621735,0,0,2485
2485,영등포구,ST-414,00260,여의도 마리나선착장 앞,260. 여의도 마리나선착장 앞,15,서울특별시 영등포구 여의서로 60-2 가로판매대22,,37.53365707,126.91216278,0,0,2486
2486,영등포구,ST-416,00262,영문초등학교 사거리,262. 영문초등학교 사거리,12,서울특별시 영등포구 문래로 56,영문초등학교 사거리,37.51992798,126.88918304,0,0,2487
2487,영등포구,ST-417,00263,근로자회관 사거리,263. 근로자회관 사거리,12,서울특별시 영등포구 선유로 34,근로자회관 사거리,37.51715088,126.88862610,0,0,2488
2488,영등포구,ST-418,00264,교보생명보험 앞,264. 교보생명보험 앞,15,서울특별시 영등포구 영등포로 96,교보생명보험 앞,37.52193069,126.89161682,0,0,2489
2489,영등포구,ST-419,00265,영등포유통상가 사거리,265. 영등포유통상가 사거리,11,서울특별시 영등포구 영등포로 124,영등포유통상가 사거리,37.52113342,126.89653778,0,0,2490
2490,서대문구,ST-42,00141,연대 대운동장 옆,141. 연대 대운동장 옆,10,서울특별시 서대문구 연세로 50,27,37.56238174,126.93264771,0,0,2491
2491,영등포구,ST-420,00266,영등포청과시장 사거리,266. 영등포청과시장 사거리,10,서울특별시 영등포구 영등포로 177,영등포청과시장 사거리,37.52029419,126.90119171,0,0,2492
2492,영등포구,ST-421,00267,삼성화재 사옥 옆,267. 삼성화재 사옥 옆,10,서울특별시 영등포구 양평로 76,삼성화재 사옥 옆,37.53596115,126.89830017,0,0,2493
2493,영등포구,ST-422,00268,그랜드컨벤션센터 앞,268. 그랜드컨벤션센터 앞,6,서울특별시 영등포구 양평로 58,그랜드컨벤션센터 앞,37.53471756,126.90000153,0,0,2494
2494,영등포구,ST-424,00270,증권거래소후문교차로,270. 증권거래소후문교차로,10,서울특별시 영등포구 여의나루로 76,증권거래소후문교차로,37.52234268,126.92710114,0,0,2495
2495,영등포구,ST-425,00271,샛강생태공원방문자센터 앞,271. 샛강생태공원방문자센터 앞,10,서울특별시 영등포구 여의동로 48,샛강생태공원장문자센터 앞,37.51896286,126.92161560,0,0,2496
2496,영등포구,ST-426,00272,당산육갑문,272. 당산육갑문,20,서울특별시 영등포구 당산로52길 3,당산육갑문,37.53533936,126.90367889,0,0,2497
2497,양천구,ST-428,00716,신정6동 주민센터 인근,716.신정6동 주민센터 인근,23,서울특별시 양천구 목동서로 355,,37.51731873,126.86431885,0,0,2498
2498,서대문구,ST-43,00139,연세대 정문 건너편,139. 연세대 정문 건너편,10,서울특별시 서대문구 창천동 84-16,,37.55986404,126.93441772,0,0,2499
2499,양천구,ST-431,00719,홍익병원앞 교차로,719. 홍익병원앞 교차로,10,서울특별시 양천구 등촌로 2,홍익병원앞 교차로,37.53036880,126.86425781,0,0,2500
2500,양천구,ST-432,00720,서울강월초등학교 앞,720. 서울강월초등학교 앞,10,서울특별시 양천구 신월로 97,서울강월초등학교 앞,37.51619720,126.83489990,0,0,2501
2501,용산구,ST-435,00816,신용산역 6번출구 앞,816. 신용산역 6번출구 앞,25,서울특별시 용산구 한강대로 115,신용산역 6번출구 앞,37.53014755,126.96848297,0,0,2502
2502,용산구,ST-436,00817,삼각지역 4번출구 앞,817. 삼각지역 4번출구 앞,9,서울특별시 용산구 한강대로 161,삼각지역 4번출구 앞,37.53345108,126.97173309,0,0,2503
2503,용산구,ST-437,00818,숙명여대 입구 교차로,818. 숙명여대 입구 교차로,12,서울특별시 용산구 청파로47길 100,숙명여대 입구 교차로,37.54489517,126.96938324,0,0,2504
2504,용산구,ST-438,00819,선린인터넷 고등학교,819. 선린인터넷 고등학교,12,서울특별시 용산구 원효로97길 33-4,선린인터넷 고등학교,37.54165268,126.97050476,0,0,2505
2505,용산구,ST-439,00820,청파동입구 교차로,820. 청파동입구 교차로,10,서울특별시 용산구 한강대로 349,청파동입구 교차로,37.54902649,126.97194672,0,0,2506
2506,용산구,ST-440,00822,이촌1동 마을공원,822. 이촌1동 마을공원,10,서울특별시 용산구 한강로3가 66-4,,37.52202606,126.96618652,0,0,2507
2507,용산구,ST-441,00823,효창동주민센터 앞,823. 효창동주민센터 앞,10,서울특별시 용산구 효창원로 161,효창동주민센터 앞,37.54232025,126.96195984,0,0,2508
2508,용산구,ST-442,00825,서빙고동 주민센터 앞,825. 서빙고동 주민센터 앞,15,서울특별시 용산구 서빙고로 279,서빙고동 주민센터 앞,37.52033615,126.99426270,0,0,2509
2509,마포구,ST-443,00199,서울 월드컵 경기장,199. 서울 월드컵 경기장,30,서울특별시 마포구 성산동 515,서울 월드컵 경기장,37.56684494,126.89644623,0,0,2510
2510,종로구,ST-444,00388,동성중학교 앞,388. 동성중학교 앞,10,서울특별시 종로구 혜화동 56,동성중학교 앞,37.58573532,127.00160980,0,0,2511
2511,광진구,ST-445,00584,광진광장 교통섬,584. 광진광장 교통섬,20,서울특별시 광진구 군자동 374-8,광진광장 교통섬,37.54782867,127.07263184,0,0,2512
2512,성동구,ST-446,00585,성수2가1동 공영주차장 인근,585. 성수2가1동 공영주차장 인근,9,서울특별시 성동구 성수동2가 569-3,성수2가1동 공영주차장 인근,37.53680801,127.05548859,0,0,2513
2513,성동구,ST-447,00586,마장동 주민센터,586. 마장동 주민센터,10,서울특별시 성동구 마장로42길 14,마장동 주민센터,37.56594086,127.04539490,0,0,2514
2514,은평구,ST-448,00900,은평예술회관,900. 은평예술회관,20,서울특별시 은평구 녹번동 85-4,은평예술회관,37.60394287,126.92769623,0,0,2515
2515,은평구,ST-449,00901,응암1동사무소,901. 응암1동사무소,10,서울특별시 은평구 응암동 84-14,응암1동사무소,37.60097504,126.92695618,0,0,2516
2516,영등포구,ST-45,00200,국회의원회관,200. 국회의원회관,18,서울특별시 영등포구 의사당대로 1,1,37.52841568,126.91391754,0,0,2517
2517,은평구,ST-450,00902,진관동 은빛초등학교,902. 진관동 은빛초등학교,10,서울특별시 은평구 진관동 45-21,진관동 은빛초등학교,37.64310837,126.91822052,0,0,2518
2518,은평구,ST-451,00903,은평뉴타운 아이파크,903. 은평뉴타운 아이파크,19,서울특별시 은평구 진관동 13-20,은평뉴타운 아이파크,37.64586639,126.92739105,0,0,2519
2519,은평구,ST-452,00904,은평뉴타운 푸르지오,904. 은평뉴타운 푸르지오,16,서울특별시 은평구 진관동 5-8,은평뉴타운 푸르지오,37.64867401,126.93070221,0,0,2520
2520,은평구,ST-453,00905,구파발역 2번출구,905. 구파발역 2번출구,10,서울특별시 은평구 진관동 86-31,구파발역 2번출구,37.63623428,126.91899872,0,0,2521
2521,은평구,ST-454,00906,연신내역 5번출구,906. 연신내역 5번출구,9,서울특별시 은평구 대조동 207-8,연신내역 5번출구,37.61721039,126.91957855,0,0,2522
2522,은평구,ST-455,00907,CJ 드림시티,907. CJ 드림시티,10,서울특별시 은평구 역촌동 43-11,CJ 드림시티,37.59949112,126.91686249,0,0,2523
2523,은평구,ST-456,00908,구산역 4번출구,908. 구산역 4번출구,10,서울특별시 은평구 갈현동 536-8,구산역 4번출구,37.61318588,126.91735077,0,0,2524
2524,은평구,ST-457,00909,백련산 힐스테이트 3차,909. 백련산 힐스테이트 3차,10,서울특별시 은평구 응암동 761-9,백련산 힐스테이트 3차,37.58699417,126.92288208,0,0,2525
2525,은평구,ST-459,00911,은평평화공원(역촌역4번출구),911. 은평평화공원(역촌역4번출구),10,서울특별시 은평구 녹번동 153-31,은평평화공원(역촌역4번출구),37.60558319,126.92293549,0,0,2526
2526,영등포구,ST-46,00201,진미파라곤 앞,201. 진미파라곤 앞,15,서울특별시 영등포구 국회대로76길 10,13-1,37.53123856,126.92133331,0,0,2527
2527,은평구,ST-460,00912,응암오거리,912. 응암오거리,20,서울특별시 은평구 응암동 604-5,응암오거리,37.58966064,126.91694641,0,0,2528
2528,은평구,ST-461,00913,이마트 버스정류장(서부경찰서 방면),913. 이마트 버스정류장(서부경찰서 방면),15,서울특별시 은평구 응암동 90-15,이마트 은평점,37.60070038,126.92012787,0,0,2529
2529,은평구,ST-462,00914,새절역 2번출구,914. 새절역 2번출구,20,서울특별시 은평구 응암동 610-3,새절역 2번출구,37.59079742,126.91365051,0,0,2530
2530,은평구,ST-463,00915,증산역 4번출구,915. 증산역 4번출구,10,서울특별시 은평구 증산동 199-8,증산역 4번출구,37.58438110,126.90989685,0,0,2531
2531,은평구,ST-464,00916,평생학습관 앞,916. 평생학습관 앞,13,서울특별시 은평구 역촌동 15-40,평생학습관 앞,37.60784912,126.92132568,0,0,2532
2532,은평구,ST-465,00917,녹번역 3번출구,917. 녹번역 3번출구,10,서울특별시 은평구 응암동 15-1,,37.60076141,126.93537140,0,0,2533
2533,은평구,ST-466,00918,서부경찰서,918. 서부경찰서,2,서울특별시 은평구 불광동 260-2,서부경찰서,37.61267853,126.92775726,0,0,2534
2534,은평구,ST-467,00919,서울혁신파크,919. 서울혁신파크,10,서울특별시 은평구 녹번동 15-2,서울혁신파크,37.60702515,126.93331146,0,0,2535
2535,은평구,ST-469,00921,신도고등학교,921. 신도고등학교,8,서울특별시 은평구 진관동 242-14,신도고등학교,37.63001633,126.91902924,0,0,2536
2536,영등포구,ST-47,00202,국민일보 앞,202. 국민일보 앞,30,서울특별시 영등포구 여의공원로 101,101,37.52881622,126.92453003,0,0,2537
2537,은평구,ST-470,00922,연신내역 4번출구,922. 연신내역 4번출구,10,서울특별시 은평구 대조동 227-2,연신내역 4번출구,37.61780167,126.92196655,0,0,2538
2538,은평구,ST-471,00923,국민은행 연서지점,923. 국민은행 연서지점,10,서울특별시 은평구 불광동 355,국민은행 연서지점,37.62094879,126.92563629,0,0,2539
2539,은평구,ST-472,00924,메뚜기다리,924. 메뚜기다리,12,서울특별시 은평구 진관동 161-9,메뚜기다리,37.62851715,126.92958069,0,0,2540
2540,은평구,ST-473,00925,불광역 2번출구,925. 불광역 2번출구,8,서울특별시 은평구 불광동 285-43,불광역 2번출구,37.60956573,126.93097687,0,0,2541
2541,은평구,ST-474,00926,불광역 8번출구,926. 불광역 8번출구,8,서울특별시 은평구 불광동 276-6,불광역 8번출구,37.61117935,126.92966461,0,0,2542
2542,은평구,ST-475,00927,연신내역 3번출구 인근,927. 연신내역 3번출구 인근,10,서울특별시 은평구 불광동 304-5,연신내역 3번출구 인근,37.61785507,126.92252350,0,0,2543
2543,은평구,ST-476,00928,은평역사한옥박물관,928. 은평역사한옥박물관,15,서울특별시 은평구 진관동 133-29,은평역사한옥박물관,37.64131546,126.93804169,0,0,2544
2544,은평구,ST-477,00929,국민은행 응암점,929. 국민은행 응암점,,서울특별시 은평구 응암동 86-15,국민은행 응암점,37.60105133,126.92422485,0,0,2545
2545,은평구,ST-478,00930,구 서부경찰서 건너편,930. 구 서부경찰서 건너편,7,서울특별시 은평구 역촌동 41-7,구 서부경찰서 건너편,37.60166168,126.92030334,0,0,2546
2546,은평구,ST-479,00931,역촌파출소,931. 역촌파출소,19,서울특별시 은평구 역촌동 45-34,역촌파출소,37.60473633,126.91533661,0,0,2547
2547,은평구,ST-480,00932,예일여중,932. 예일여중,20,서울특별시 은평구 연서로 117,예일여중,37.61000443,126.91639709,0,0,2548
2548,은평구,ST-481,00933,역촌종합시장 버스정류장(예일여고 방면),933. 역촌종합시장 버스정류장(예일여고 방면),15,서울특별시 은평구 서오릉로 163,LG서비스 역촌점,37.61248398,126.91487885,0,0,2549
2549,성동구,ST-482,00587,유니베라 앞,587. 유니베라 앞,10,서울특별시 성동구 성수동2가 276-5,KEB하나은행 성수중앙지점,37.54541779,127.05264282,0,0,2550
2550,광진구,ST-483,00588,뚝섬 유원지역,588. 뚝섬 유원지역,20,서울특별시 광진구 능동로 10,뚝섬유원지역,37.53268814,127.06749725,0,0,2551
2551,강동구,ST-485,01001,광진교 남단 사거리(천호공원 방면),1001. 광진교 남단 사거리(천호공원 방면),15,서울특별시 강동구 올림픽로 674 로석빌딩,,37.54179382,127.12474823,0,0,2552
2552,강동구,ST-486,01002,해공공원(천호동),1002. 해공공원(천호동),10,서울특별시 강동구 올림픽로 714 가로판매대-12,,37.54526520,127.12593842,0,0,2553
2553,강동구,ST-487,01003,해공도서관앞,1003. 해공도서관앞,20,서울특별시 강동구 올림픽로 702 해공도서관,,37.54395676,127.12548828,0,0,2554
2554,강동구,ST-488,01004,삼성광나루아파트 버스정류장,1004. 삼성광나루아파트 버스정류장,10,서울특별시 강동구 올림픽로 812,,37.55332947,127.12886810,0,0,2555
2555,강동구,ST-490,01006,롯데캐슬 115동앞,1006. 롯데캐슬 115동앞,10,서울특별시 강동구 고덕로 131 강동 롯데캐슬퍼스트아파트,,37.55486679,127.14279938,0,0,2556
2556,강동구,ST-491,01007,암사동 선사유적지,1007.암사동 선사유적지,14,서울특별시 강동구 올림픽로 875 서울 암사동 유적,,37.55955887,127.13087463,0,0,2557
2557,강동구,ST-492,01008,암사역 3번출구(국민은행앞),1008. 암사역 3번출구(국민은행앞),9,서울특별시 강동구 올림픽로 767,,37.54935455,127.12708282,0,0,2558
2558,강동구,ST-493,01009,천호역4번출구(현대백화점),1009. 천호역4번출구(현대백화점),20,서울특별시 강동구 천호대로 1005 현대백화점,,37.53866577,127.12424469,0,0,2559
2559,강동구,ST-494,01010,강동세무서,1010. 강동세무서,20,서울특별시 강동구 천호대로 1139 강동그린타워,,37.53450775,127.13840485,0,0,2560
2560,강동구,ST-495,01011,LIGA 아파트 앞,1011. LIGA 아파트 앞,20,서울특별시 강동구 성내동 450-31,,37.53474426,127.13528442,0,0,2561
2561,강동구,ST-496,01012,천호역효성해링턴타워 앞,1012. 천호역효성해링턴타워 앞,15,서울특별시 강동구 올림픽로 610 서울상운자동차공업사,,37.53600693,127.12272644,0,0,2562
2562,강동구,ST-497,01013,강동구청역 1번 출입구,1013. 강동구청역 1번 출입구,15,서울특별시 강동구 올림픽로 552,,37.53071594,127.12098694,0,0,2563
2563,강동구,ST-498,01014,강동구평생학습관앞,1014. 강동구평생학습관앞,15,서울특별시 강동구 구천면로 395 명일동공영주차장,,37.55080032,127.14295197,0,0,2564
2564,강동구,ST-499,01015,샛마을 근린공원,1015. 샛마을 근린공원,13,서울특별시 강동구 명일동 289-21,,37.55003738,127.14691162,0,0,2565
2565,마포구,ST-5,00103,망원역 2번출구 앞,103. 망원역 2번출구 앞,14,서울특별시 마포구 월드컵로 79,378-18,37.55495071,126.91083527,0,0,2566
2566,영등포구,ST-50,00204,국회의사당역 5번출구 옆,204. 국회의사당역 5번출구 옆,13,서울특별시 영등포구 의사당대로 8,8,37.52816391,126.91702271,0,0,2567
2567,강동구,ST-500,01016,해뜨는 주유소옆 리엔파크 109동앞,1016. 해뜨는 주유소옆 리엔파크 109동앞,10,서울특별시 강동구 강일동 706,,37.55939865,127.17118073,0,0,2568
2568,강동구,ST-501,01017,둔촌고교입구 교차로(길동주민센터 방면),1017. 둔촌고교입구 교차로(길동주민센터 방면),20,서울특별시 강동구 길동 252-91,,37.53544617,127.14518738,0,0,2569
2569,강동구,ST-502,01019,다성이즈빌아파트(호원대 대각선 맞은편),1019. 다성이즈빌아파트(호원대 대각선 맞은편),10,서울특별시 강동구 성내동 434-28,,37.52679443,127.13005829,0,0,2570
2570,강동구,ST-503,01020,강동경찰서,1020. 강동경찰서,15,서울특별시 강동구 성내로 57 강동경찰서,,37.52825165,127.12680054,0,0,2571
2571,강동구,ST-504,01021,강일동 리슈빌 빌딩앞,1021. 강일동 리슈빌 빌딩앞,15,서울특별시 강동구 강일동 681,,37.56427383,127.17397308,0,0,2572
2572,강동구,ST-505,01022,길동 사거리(초소앞),1022. 길동 사거리(초소앞),20,서울특별시 강동구 성내동 379-41,,37.53377914,127.13799286,0,0,2573
2573,성동구,ST-506,00589,성수역3번출구,589. 성수역3번출구,8,서울특별시 성동구 아차산로 100,성수동2가 315-105,37.54415894,127.05665588,0,0,2574
2574,강서구,ST-507,01101,상사마을 버스정류장(아라대교방면),1101. 상사마을 버스정류장(아라대교방면),10,서울특별시 강서구 개화동로5길 3-8,강서구 개화동 424-2,37.58161163,126.79859924,0,0,2575
2575,강서구,ST-508,01102,방화사거리 마을버스 버스정류장,1102. 방화사거리 마을버스 버스정류장,10,서울특별시 강서구 양천로17길 6,강서구 방화동 769-23,37.57364273,126.81180573,0,0,2576
2576,강서구,ST-509,01105,방화근린공원,1105. 방화근린공원,10,서울특별시 강서구 금낭화로 176,강서구 방화동 855,37.58162308,126.81265259,0,0,2577
2577,영등포구,ST-51,00203,국회의사당역 3번출구 옆,203. 국회의사당역 3번출구 옆,15,서울특별시 영등포구 국회대로 지하758,758,37.52805710,126.91870117,0,0,2578
2578,강서구,ST-510,01108,공항시장역 2번출구 뒤,1108. 공항시장역 2번출구 뒤,8,서울특별시 강서구 방화동 614-287,,37.56387329,126.81060791,0,0,2579
2579,강서구,ST-511,01109,공항시장역 4번출구,1109. 공항시장역 4번출구,6,서울특별시 강서구 방화동로 지하 30,강서구 공항동 산20-2,37.56334686,126.81048584,0,0,2580
2580,강서구,ST-512,01111,마곡엠밸리6_7단지 마곡중학교,1111. 마곡엠밸리6_7단지 마곡중학교,20,서울특별시 강서구 마곡중앙5로 58,강서구 마곡동 743-3,37.56698227,126.82180023,0,0,2581
2581,강서구,ST-513,01112,마곡엠밸리4단지 정문,1112. 마곡엠밸리4단지 정문,15,서울특별시 강서구 마곡서로 175,강서구 마곡동 754-6,37.56857681,126.82477570,0,0,2582
2582,강서구,ST-514,01113,서남환경공원 버스정류장,1113. 서남환경공원 버스정류장,15,서울특별시 강서구 마곡동 221-4,,37.57312393,126.82238770,0,0,2583
2583,강서구,ST-515,01114,서남물재생센터 버스정류장,1114. 서남물재생센터 버스정류장,15,서울특별시 강서구 양천로 200,강서구 마곡동 223-6,37.57278061,126.82627869,0,0,2584
2584,강서구,ST-516,01118,증미역 3번출구뒤(등촌두산위브센티움오피스텔),1118. 증미역 3번출구뒤(등촌두산위브센티움오피스텔),10,서울특별시 강서구 양천로 지하 560,강서구 등촌동 666-40,37.55746078,126.86145782,0,0,2585
2585,강서구,ST-517,01119,염창동 한마음아파트 앞,1119. 염창동 한마음아파트 앞,6,서울특별시 강서구 양천로 637,강서구 염창동 284-18,37.55425262,126.86756134,0,0,2586
2586,강서구,ST-518,01120,대림경동아파트앞,1120. 대림경동아파트앞,25,서울특별시 강서구 허준로 139 강변아파트,,37.56478500,126.85464478,0,0,2587
2587,강서구,ST-519,01121,가양레포츠센터 앞,1121. 가양레포츠센터 앞,15,서울특별시 강서구 양천로61길 101,강서구 가양동 1484-5,37.55947876,126.86437988,0,0,2588
2588,영등포구,ST-52,00205,산업은행 앞,205. 산업은행 앞,20,서울특별시 영등포구 의사당대로 97,97,37.52626419,126.92050934,0,0,2589
2589,강서구,ST-520,01122,황금내근린공원,1122. 황금내근린공원,17,서울특별시 강서구 허준로 221-40 공원관리사무실,,37.56192398,126.86416626,0,0,2590
2590,강서구,ST-521,01123,공암나루근린공원 관리사무소옆,1123. 공암나루근린공원 관리사무소옆,15,서울특별시 강서구 강서로80길 117,강서구 가양동 1459-9,37.57048035,126.84950256,0,0,2591
2591,강서구,ST-522,01124,발산역 6번 출구 뒤,1124. 발산역 6번 출구 뒤,6,서울특별시 강서구 내발산동 645,,37.55817795,126.83845520,0,0,2592
2592,강서구,ST-523,01126,우장산역 1번출구옆(우장산아이파크105동앞),1126. 우장산역 1번출구옆(우장산아이파크105동앞),7,서울특별시 강서구 강서로 지하 262,강서구 화곡동 1159-6,37.54890823,126.83656311,0,0,2593
2593,강서구,ST-524,01127,화곡역 버스정류장,1127. 화곡역 버스정류장,10,서울특별시 강서구 화곡로 157,강서구 화곡동 1089-52,37.54098129,126.83854675,0,0,2594
2594,강서구,ST-525,01129,화곡역 1번 출구 앞,1129. 화곡역 1번 출구 앞,7,서울특별시 강서구 화곡로 지하 168,강서구 화곡동 1089-43,37.54209900,126.84021759,0,0,2595
2595,강서구,ST-526,01130,화곡본동시장 버스정류장,1130. 화곡본동시장 버스정류장,7,서울특별시 강서구 화곡로 196,강서구 화곡동 109-12,37.54275131,126.84262085,0,0,2596
2596,강서구,ST-527,01131,꿈돌이공원 앞,1131. 꿈돌이공원 앞,8,서울특별시 강서구 화곡로 232,강서구 화곡동 94-6,37.54644394,126.84545898,0,0,2597
2597,강서구,ST-528,01132,등촌역 7번출구,1132. 등촌역 7번출구,10,서울특별시 강서구 공항대로 지하 529,강서구 등촌동 505-3,37.55110931,126.86370850,0,0,2598
2598,영등포구,ST-53,00206,KBS 앞,206. KBS 앞,35,서울특별시 영등포구 여의공원로 13,13,37.52466583,126.91802216,0,0,2599
2599,강서구,ST-530,01135,강서구의회,1135. 강서구의회,16,서울특별시 강서구 등촌로 185,강서구 등촌동 608-4,37.54653168,126.86254883,0,0,2600
2600,강서구,ST-531,01136,등촌2파출소,1136. 등촌2파출소,8,서울특별시 강서구 등촌로 167,강서구 등촌동 608-6,37.54478836,126.86199951,0,0,2601
2601,강서구,ST-532,01137,등촌2동주민센터,1137. 등촌2동주민센터,10,서울특별시 강서구 등촌로 137 대림아파트,,37.54126358,126.86337280,0,0,2602
2602,강서구,ST-533,01139,용문사 버스정류장,1139. 용문사 버스정류장,8,서울특별시 강서구 등촌로 95 대일빌딩,,37.53852081,126.86343384,0,0,2603
2603,강서구,ST-534,01140,목동사거리 버스정류장,1140. 목동사거리 버스정류장,17,서울특별시 강서구 등촌로 19,강서구 화곡동 939-3,37.53139877,126.86360931,0,0,2604
2604,강서구,ST-535,01141,곰달래 문화복지센터 A,1141. 곰달래 문화복지센터 A,20,서울특별시 강서구 강서로5길 50,강서구 화곡동 941-2,37.52906036,126.84848022,0,0,2605
2605,강서구,ST-536,01145,곰달래 문화복지센터 B,1145. 곰달래 문화복지센터 B,10,서울특별시 강서구 강서로5길 50,강서구 화곡동 941-2,37.52891922,126.84808350,0,0,2606
2606,강서구,ST-537,01146,곰달래사거리,1146. 곰달래사거리,10,서울특별시 강서구 곰달래로 51,355-48,37.53033829,126.83825684,0,0,2607
2607,강서구,ST-538,01148,볏골공원,1148. 볏골공원,10,서울특별시 강서구 까치산로4길 22,강서구 화곡동 98-148,37.54146957,126.84477997,0,0,2608
2608,송파구,ST-539,01205,종합운동장역 4번출구,1205. 종합운동장역 4번출구,15,서울특별시 송파구 올림픽로 8,송파구 잠실동 50,37.51042938,127.07137299,0,0,2609
2609,영등포구,ST-54,00208,LG 트윈타워 앞,208. LG 트윈타워 앞,13,서울 영등포구 여의대로 128,,37.52798462,126.92920685,0,0,2610
2610,송파구,ST-540,01206,9호선종합운동장역 9번출구,1206. 9호선종합운동장역 9번출구,20,서울특별시 송파구 올림픽로 지하 23,송파구 잠실동 53-4,37.51128006,127.07823944,0,0,2611
2611,송파구,ST-541,01208,풍납현대아파트쉼터,1208. 풍납현대아파트쉼터,25,서울특별시 송파구 풍납동 472,,37.52974701,127.11996460,0,0,2612
2612,송파구,ST-542,01209,잠실나루역 (2번 출구 쪽),1209. 잠실나루역 (2번 출구 쪽),20,서울특별시 송파구 오금로 20,송파구 신천동 15,37.52045059,127.10420227,0,0,2613
2613,송파구,ST-543,01213,백토공원 앞,1213. 백토공원 앞,12,서울특별시 송파구 오금동 6-2,,37.50831985,127.13321686,0,0,2614
2614,송파구,ST-544,01215,올림픽공원역 1번출구 앞,1215. 올림픽공원역 1번출구 앞,15,서울특별시 송파구 양재대로 지하 1233,송파구 방이동 89-28,37.51657104,127.13153839,0,0,2615
2615,송파구,ST-545,01217,송파파인타운 7단지,1217. 송파파인타운 7단지,15,서울특별시 송파구 충민로4길 19,송파구 장지동 839-4,37.47930527,127.12979889,0,0,2616
2616,송파구,ST-546,01220,잠실근린공원,1220. 잠실근린공원,15,서울특별시 송파구 백제고분로15길 7,송파구 잠실동 230,37.50569153,127.08403778,0,0,2617
2617,송파구,ST-547,01222,잠실새내역 5번 출구 뒤,1222. 잠실새내역 5번 출구 뒤,23,서울특별시 송파구 백제고분로 95,송파구 잠실동 19-10,37.51198196,127.08505249,0,0,2618
2618,송파구,ST-548,01224,아시아지하보도 2번 출구,1224. 아시아지하보도 2번 출구,15,서울특별시 송파구 올림픽로 74,송파구 잠실동 20,37.51216888,127.07893372,0,0,2619
2619,송파구,ST-549,01229,송파체육문화회관 앞,1229. 송파체육문화회관 앞,15,서울특별시 송파구 양산로 15,송파구 거여동 289-9,37.49068832,127.14312744,0,0,2620
2620,영등포구,ST-55,00209,유진투자증권빌딩 앞,209. 유진투자증권빌딩 앞,12,서울특별시 영등포구 국제금융로 24,24-3,37.52461243,126.92783356,0,0,2621
2621,송파구,ST-550,01232,잠실주공 521동 건너편,1232. 잠실주공 521동 건너편,10,서울특별시 송파구 올림픽로 240 롯데월드,,37.51184082,127.09568787,0,0,2622
2622,송파구,ST-551,01233,잠실3거리(갤러리아팰리스),1233. 잠실3거리(갤러리아팰리스),9,서울특별시 송파구 석촌호수로12길 3-17,송파구 잠실동 38,37.51050949,127.09336853,0,0,2623
2623,송파구,ST-552,01234,레이크팰리스 동문우측,1234. 레이크팰리스 동문우측,,서울특별시 송파구 올림픽로 240,송파구 잠실동 40-1,37.50888824,127.09722900,0,0,2624
2624,송파구,ST-553,01235,잠실트리지움310동 옆,1235. 잠실트리지움310동 옆,14,서울특별시 송파구 잠실로 62,송파구 잠실동 36-1,37.50887299,127.08716583,0,0,2625
2625,서대문구,ST-554,00174,명지대학교 학생회관,174. 명지대학교 학생회관,10,서울 서대문구 거북골로 34,,37.58059692,126.92302704,0,0,2626
2626,서대문구,ST-555,00176,명지대학교 도서관,176. 명지대학교 도서관,10,서울특별시 서대문구 거북골로 34,서대문구 거북골로 34,37.58109665,126.92402649,0,0,2627
2627,성북구,ST-557,01313,정릉교회 앞,1313. 정릉교회 앞,10,서울특별시 성북구 정릉로27가길 28-2,성북구 정릉동 138-15,37.60324478,127.01419067,0,0,2628
2628,중랑구,ST-558,01401,극동늘푸른아파트,1401. 극동늘푸른아파트,15,서울특별시 중랑구 동일로 941,중랑구 묵동 189-2,37.61473846,127.07636261,0,0,2629
2629,성북구,ST-559,01314,정릉꿈에그린1단지 201동 앞,1314. 정릉꿈에그린1단지 201동 앞,8,서울특별시 성북구 아리랑로19길 20,성북구 정릉동 966-62,37.60243988,127.01168823,0,0,2630
2630,영등포구,ST-56,00210,IFC몰,210. IFC몰,42,서울특별시 영등포구 국제금융로 10 서울 국제금융 센터,,37.52543259,126.92460632,0,0,2631
2631,성북구,ST-560,01315,고려사대부속중고 정문,1315. 고려사대부속중고 정문,10,서울특별시 성북구 보국문로29길 23,성북구 정릉동 966-1,37.60776138,127.00328064,0,0,2632
2632,중랑구,ST-561,01402,금란주차장 앞,1402. 금란주차장 앞,10,서울특별시 중랑구 망우로 448,금란주차장 앞,37.60007095,127.10233307,0,0,2633
2633,성북구,ST-562,01316,고려사대부속중고 건너편,1316. 고려사대부속중고 건너편 ,10,서울특별시 성북구 보국문로29길 23,성북구 정릉동 966-1,37.60726166,127.00283813,0,0,2634
2634,성북구,ST-563,01318,길음역 3번출구 뒤,1318. 길음역 3번출구 뒤,14,서울특별시 성북구 동소문로 248,동소문로248,37.60308456,127.02478790,0,0,2635
2635,성북구,ST-564,01319,종암사거리 분수대,1319. 종암사거리 분수대,10,서울특별시 성북구 종암로 147,성북구 하월곡동 104-134,37.60304260,127.03327179,0,0,2636
2636,성북구,ST-565,01322,래미안라센트아파트 103동 앞,1322. 래미안라센트아파트 103동 앞,10,서울특별시 성북구 종암로3길 37-2,성북구 종암동 12-33,37.59806824,127.03927612,0,0,2637
2637,중랑구,ST-566,01403,중화빌딩 앞 (동부시장),1403. 중화빌딩 앞 (동부시장),15,서울특별시 중랑구 망우로 211,중화빌딩,37.59424973,127.07657623,0,0,2638
2638,성북구,ST-567,01323,월곡역 입구 육교 밑,1323. 월곡역 입구 육교 밑,10,서울특별시 성북구 월곡로 지하 107,성북구 종암동 113-10,37.60043335,127.04020691,0,0,2639
2639,중랑구,ST-568,01405,망우역 1번출구,1405. 망우역 1번출구,10,서울특별시 중랑구 망우로55길 11-10,망우역 1번출구,37.59909821,127.09294891,0,0,2640
2640,중랑구,ST-569,01406,망우청소년수련관,1406. 망우청소년수련관,10,서울특별시 중랑구 송림길 156,망우청소년수련관,37.60625076,127.10826874,0,0,2641
2641,영등포구,ST-57,00211,여의도역 4번출구 옆,211. 여의도역 4번출구 옆,13,서울특별시 영등포구 국회대로68길 7,26,37.52222824,126.92463684,0,0,2642
2642,중랑구,ST-570,01408,먹골역 6번출구 앞,1408. 먹골역 6번출구 앞,10,서울특별시 중랑구 동일로 지하 901,먹골역 6번출구 앞,37.61072159,127.07747650,0,0,2643
2643,성북구,ST-571,01325,상월곡역 4번출구,1325. 상월곡역 4번출구,10,서울특별시 성북구 화랑로 148,성북구 상월곡동 산7-1,37.60580826,127.04773712,0,0,2644
2644,성북구,ST-572,01326,상월곡역 1번출구,1326. 상월곡역 1번출구,10,서울특별시 성북구 화랑로 지하 157,성북구 상월곡동 35-9,37.60606766,127.04731750,0,0,2645
2645,중랑구,ST-573,01410,면목 대원칸타빌아파트,1410. 면목 대원칸타빌아파트,10,서울특별시 중랑구 용마산로 285,581 번지,37.57778168,127.09018707,0,0,2646
2646,성북구,ST-574,01327,상월곡역 3번출구,1327. 상월곡역 3번출구,10,서울특별시 성북구 화랑로 지하 157,성북구 상월곡동 26-1,37.60734177,127.05068207,0,0,2647
2647,중랑구,ST-575,01412,면목초등학교,1412. 면목초등학교,10,서울특별시 중랑구 면목로 434,면목초등학교,37.59096146,127.08706665,0,0,2648
2648,중랑구,ST-577,01413,봉화산역 5번출구 뒤,1413. 봉화산역 5번출구 뒤,10,서울특별시 중랑구 신내로 지하 232,봉화산역 5번출구 뒤,37.61756134,127.09030914,0,0,2649
2649,성북구,ST-578,01332,석계역 5번출구 건너편,1332. 석계역 5번출구 건너편,10,서울특별시 노원구 화랑로 지하 347-1,성북구 석관동 134-4,37.61355591,127.06609344,0,0,2650
2650,성북구,ST-579,01333,석관초등학교 앞,1333. 석관초등학교 앞,20,서울특별시 성북구 돌곶이로22길 21,성북구 석관동 202-3,37.61052322,127.05979919,0,0,2651
2651,영등포구,ST-58,00212,여의도역 1번출구 옆,212. 여의도역 1번출구 옆,10,서울특별시 영등포구 의사당대로 88,27-1,37.52136230,126.92346191,0,0,2652
2652,성북구,ST-580,01334,석관동주민센터 앞,1334. 석관동주민센터 앞,10,서울특별시 성북구 화랑로 296,성북구 석관동 384-2,37.61299896,127.06130981,0,0,2653
2653,성북구,ST-582,01335,석관동 하이마트 사거리,1335. 석관동 하이마트 사거리,4,서울특별시 성북구 한천로 573,성북구 석관동 124-7,37.61130905,127.06266022,0,0,2654
2654,중랑구,ST-583,01418,새솔초등학교,1418. 새솔초등학교,10,서울특별시 중랑구 신내역로1길 164,새솔초등학교,37.61743927,127.10901642,0,0,2655
2655,중랑구,ST-584,01441,신내능말공원,1441. 신내능말공원,10,서울특별시 중랑구 신내역로 165 신내 데시앙포레,,37.61670685,127.11026001,0,0,2656
2656,중랑구,ST-585,01420,신내어울공원 앞,1420. 신내어울공원 앞,15,서울특별시 중랑구 신내로16길 33 신내동 의료안심주택,,37.61394501,127.09770203,0,0,2657
2657,중랑구,ST-586,01421,신내역 4번출구,1421. 신내역 4번출구,13,서울특별시 중랑구 신내로 지하 232,신내역 4번출구,37.61246109,127.10337830,0,0,2658
2658,중랑구,ST-587,01422,신내우디안아파트 1단지,1422. 신내우디안아파트 1단지,10,서울특별시 중랑구 신내역로 213,신내우디안아파트 1단지,37.62009811,127.10646057,0,0,2659
2659,중랑구,ST-588,01424,양원역 2번출구,1424. 양원역 2번출구,10,서울특별시 중랑구 송림길 147,양원역 2번출구,37.60631180,127.10774231,0,0,2660
2660,중랑구,ST-589,01425,신성미소지움아파트,1425. 신성미소지움아파트,10,서울특별시 중랑구 용마산로86길 9-27,용마문화복지센터,37.58745956,127.09597015,0,0,2661
2661,영등포구,ST-59,00213,KT앞,213. KT앞,19,서울특별시 영등포구 여의대로 38,27,37.52190781,126.91895294,0,0,2662
2662,중랑구,ST-590,01426,면목도시개발아파트 1동 앞,1426. 면목도시개발아파트 1동 앞,10,서울특별시 중랑구 용마산로 지하 227,면목도시개발아파트 1동 앞,37.57358932,127.08682251,0,0,2663
2663,중랑구,ST-592,01434,홈플러스 면목동점,1434. 홈플러스 면목동점,15,서울특별시 중랑구 사가정로 332,홈플러스 면목동점,37.57986832,127.08236694,0,0,2664
2664,중랑구,ST-593,01435,능산삼거리,1435. 능산삼거리,10,서울특별시 중랑구 용마산로 644,능산삼거리,37.60868073,127.10079193,0,0,2665
2665,중랑구,ST-594,01436,동원베네스트 건물 앞,1436. 동원베네스트 건물 앞,15,서울특별시 중랑구 용마산로 640,,37.60810089,127.10118103,0,0,2666
2666,중랑구,ST-595,01437,늘푸른공원 앞,1437. 늘푸른공원 앞,15,서울특별시 중랑구 동일로 594,늘푸른공원 앞,37.58341980,127.07992554,0,0,2667
2667,중랑구,ST-596,01438,홈플러스 신내점 앞,1438. 홈플러스 신내점 앞,15,서울특별시 중랑구 신내로 지하 232,홈플러스 신내점 앞,37.61616898,127.09348297,0,0,2668
2668,성북구,ST-597,01320,LG베스트샵 종암점,1320. LG베스트샵 종암점,10,서울특별시 성북구 종암로 88,성북구 종암동 15-7,37.59928513,127.03462219,0,0,2669
2669,중랑구,ST-599,01404,동일로 지하차도,1404. 동일로 지하차도,10,서울특별시 중랑구 망우로 233,중랑구 중화동 211-3,37.59529877,127.08003235,0,0,2670
2670,마포구,ST-6,00104,합정역 1번출구 앞,104. 합정역 1번출구 앞,13,서울특별시 마포구 양화로 61 두암빌딩,,37.55073929,126.91508484,0,0,2671
2671,영등포구,ST-60,00214,금융감독원 앞,214. 금융감독원 앞,21,서울특별시 영등포구 여의대로 38,금융감독원 앞,37.52302170,126.92083740,0,0,2672
2672,노원구,ST-600,01601,석계역 문화광장 내 자전거 보관소,1601. 석계역 문화광장 내 자전거 보관소,10,서울특별시 노원구 월계동 47-37,,37.61518097,127.06464386,0,0,2673
2673,노원구,ST-601,01603,롯데캐슬 102동 코너(월계주유소건너),1603. 롯데캐슬 102동 코너(월계주유소건너),10,서울특별시 노원구 월계로 252,노원구 월계동 860-16,0.00000000,0.00000000,0,0,2674
2674,노원구,ST-602,01606,태릉입구역 3번출구,1606. 태릉입구역 3번출구 ,10,서울특별시 노원구 동일로 지하 992-1,노원구 공릉동 616-4,37.61917114,127.07492828,0,0,2675
2675,노원구,ST-603,01610,화랑대역 2번출구 앞,1610. 화랑대역 2번출구 앞,20,서울특별시 노원구 화랑로 지하 510,노원구 공릉동 280-12,37.62036896,127.08364105,0,0,2676
2676,노원구,ST-604,01611,과기대 입구(우),1611. 과기대 입구(우),20,서울특별시 노원구 공릉로 232,노원구 공릉동 436-4,37.62994003,127.07655334,0,0,2677
2677,노원구,ST-605,01616,하계2동 공항버스정류장 옆,1616. 하계2동 공항버스정류장 옆,10,서울특별시 노원구 동일로 지하 1196,노원구 하계동 273-5,37.63510895,127.06832886,0,0,2678
2678,노원구,ST-606,01617,하계동 중평어린이공원 앞,1617. 하계동 중평어린이공원 앞,20,서울특별시 노원구 섬밭로 241,하계동 271-1,37.63714981,127.06327057,0,0,2679
2679,노원구,ST-607,01623,노원 구민회관,1623. 노원 구민회관,20,서울특별시 노원구 동일로 1229,노원구 중계동 507-3,37.63864899,127.06629181,0,0,2680
2680,노원구,ST-608,01634,당고개공원 대여소,1634. 당고개공원 대여소,15,서울특별시 노원구 상계동 1355-2,,37.66846085,127.07714844,0,0,2681
2681,노원구,ST-609,01635,"상계3,4동 주민센터 대여소","1635. 상계3,4동 주민센터 대여소",6,서울특별시 노원구 덕릉로131길 8,노원구 상계동 37-7,37.67271042,127.08316040,0,0,2682
2682,영등포구,ST-61,00218,증권거래소 앞,218. 증권거래소 앞,15,서울특별시 영등포구 여의나루로 76,증권거래소 앞,37.52327728,126.92923737,0,0,2683
2683,노원구,ST-610,01636,상계주공2단지 버스정류장 옆,1636. 상계주공2단지 버스정류장 옆,10,서울특별시 노원구 동일로 1351,노원구 상계동 747,37.64921188,127.06176758,0,0,2684
2684,노원구,ST-611,01637,KT 전화국 버스정류장 옆,1637. KT 전화국 버스정류장 옆,9,서울특별시 노원구 노해로 489,노원구 상계동 719-1,37.65470123,127.06340027,0,0,2685
2685,노원구,ST-612,01639,희성오피앙,1639. 희성오피앙,10,서울특별시 노원구 동일로 1701,노원구 상계동 1263,37.68031311,127.05506897,0,0,2686
2686,도봉구,ST-613,01702,녹천역 1번출구 앞,1702. 녹천역 1번출구 앞,10,서울특별시 도봉구 창동 426-6,,37.64582062,127.05042267,0,0,2687
2687,도봉구,ST-614,01705,도봉구청 정문앞,1705. 도봉구청 정문앞,8,서울특별시 도봉구 마들로 656,방학동 720,37.66922379,127.04651642,0,0,2688
2688,도봉구,ST-615,01707,도봉구민회관,1707. 도봉구민회관,20,서울특별시 도봉구 도봉로 552,창동 723-11,37.65446091,127.03851318,0,0,2689
2689,도봉구,ST-616,01709,쌍문역4번출구 주변,1709. 쌍문역4번출구 주변,17,서울특별시 도봉구 도봉로 지하 486-1,쌍문동 83-5,37.65012741,127.03534698,0,0,2690
2690,도봉구,ST-617,01712,창동역공영주차장앞,1712. 창동역공영주차장앞,15,서울특별시 도봉구 마들로11길 74,도봉구 창동 1-9,37.65404892,127.05020142,0,0,2691
2691,금천구,ST-619,01804,독산역 2번출구 자전거주차장,1804. 독산역 2번출구 자전거주차장,10,서울특별시 금천구 벚꽃로 115,가산동 680-2 독산역 2번출구 뒤편 자전거 주차장,37.46652985,126.88871765,0,0,2692
2692,영등포구,ST-62,00219,롯데캐슬엠파이어 옆,219. 롯데캐슬엠파이어 옆,12,서울특별시 영등포구 의사당대로 127,롯데캐슬엠파이어 옆,37.52069473,126.92583466,0,0,2693
2693,금천구,ST-620,01805,서울디지털운동장 앞,1805. 서울디지털운동장 앞,10,서울특별시 금천구 가산디지털2로 151,가산동 459-16,37.48228836,126.87776947,0,0,2694
2694,금천구,ST-621,01806,에이스하이엔드타워9차 앞,1806. 에이스하이엔드타워9차 앞,10,서울특별시 금천구 가산디지털1로 233,가산동 602-3,37.48621368,126.87863922,0,0,2695
2695,금천구,ST-622,01808,에이스하이엔드타워8차 앞,1808. 에이스하이엔드타워8차 앞,20,서울특별시 금천구 가산디지털1로 84,가산동 345-5,37.47320938,126.88494110,0,0,2696
2696,금천구,ST-623,01809,LG전자 별관동(호서대 벤처타워 맞은편),1809. LG전자 별관동(호서대 벤처타워 맞은편),10,서울특별시 금천구 가산디지털1로 63,가산동 319-11,37.47077942,126.88515472,0,0,2697
2697,금천구,ST-624,01812,갑을그레이트밸리 앞,1812. 갑을그레이트밸리 앞,10,서울특별시 금천구 디지털로9길 32,가산동 60-35,37.47903061,126.88729858,0,0,2698
2698,금천구,ST-625,01814,두산위브아파트 옆 상가건물 앞,1814. 두산위브아파트 옆 상가건물 앞,8,서울특별시 금천구 가산로 99,가산동 153-16,37.47422028,126.89412689,0,0,2699
2699,금천구,ST-626,01816,금천폭포공원 앞,1816. 금천폭포공원 앞,14,서울특별시 금천구 시흥대로38길 61,시흥동 1001-1,37.44686127,126.90383148,0,0,2700
2700,금천구,ST-627,01817,금빛공원,1817. 금빛공원,,서울특별시 금천구 금하로 668,시흥동 1000-82,37.45312119,126.90431213,0,0,2701
2701,금천구,ST-628,01820,신한은행 시흥대로금융센터지점,1820. 신한은행 시흥대로금융센터지점,10,서울특별시 금천구 시흥대로 446,시흥동 1001-7,37.44334030,126.90335846,0,0,2702
2702,금천구,ST-629,01821,홈플러스 시흥점 맞은편 다비치안경 앞,1821. 홈플러스 시흥점 맞은편 다비치안경 앞,10,서울특별시 금천구 시흥대로 198,시흥동 1000-92,37.45145798,126.90211487,0,0,2703
2703,영등포구,ST-63,00220,미성아파트 A동 앞,220. 미성아파트 A동 앞,30,서울특별시 영등포구 의사당대로 110,미성아파트 A동 앞,37.51936340,126.92604828,0,0,2704
2704,금천구,ST-630,01822,서울 시흥동우체국 앞,1822. 서울 시흥동우체국 앞,10,서울특별시 금천구 시흥대로 217,시흥동 1000-71,37.45299149,126.90090942,0,0,2705
2705,금천구,ST-631,01823,상신정비공업 앞,1823. 상신정비공업 앞,10,서울특별시 금천구 시흥대로 287,독산동 1080-8,37.45891190,126.89859009,0,0,2706
2706,금천구,ST-632,01824,독산근린공원 입구,1824. 독산근린공원 입구,25,서울특별시 금천구 독산동 ,독산동 1086 (금천교 사거리 독산근린공원 입구),37.46455002,126.88372803,0,0,2707
2707,금천구,ST-633,01825,한신아파트 앞 육교 아래,1825. 한신아파트 앞 육교 아래,10,서울특별시 금천구 금하로1길 70,독산동 1094 (성민성결교회 앞),37.45470047,126.89105225,0,0,2708
2708,금천구,ST-634,01826,한신코아 앞,1826. 한신코아 앞,10,서울특별시 금천구 한내로 62,독산동 1092 (도로다이어트 사업으로 보도 확장예정),37.45684052,126.88834381,0,0,2709
2709,금천구,ST-635,01828,한양수자인아파트 앞,1828. 한양수자인아파트 앞,10,서울특별시 금천구 시흥대로150길 6,독산동 996-9,37.47531891,126.89888763,0,0,2710
2710,금천구,ST-636,01829,홈플러스 금천점 앞,1829. 홈플러스 금천점 앞,10,서울특별시 금천구 시흥대로 391,독산동 291-4,37.46913910,126.89720154,0,0,2711
2711,금천구,ST-637,01830,빅마켓 금천점 앞,1830. 빅마켓 금천점 앞,19,서울특별시 금천구 두산로 71,독산동 295-22,37.47023010,126.89507294,0,0,2712
2712,금천구,ST-638,01831,한국전력 구로금천지사 앞,1831. 한국전력 구로금천지사 앞,10,서울특별시 금천구 시흥대로 435,독산동 152-12,37.47249985,126.89795685,0,0,2713
2713,금천구,ST-639,01833,독산역 1번출구 A,1833. 독산역 1번출구 A,10,서울특별시 금천구 벚꽃로 115,"독산동 1081-9 (금천고가차도 하부, 태영아파트 앞)",37.46654129,126.89028168,0,0,2714
2714,영등포구,ST-64,00215,여의도고교 앞,215. 여의도고교 앞,10,서울특별시 영등포구 국제금융로7길 37,여의도고등학교 앞,37.52483749,126.93490601,0,0,2715
2715,금천구,ST-640,01834,월드메르디앙 벤처센터 2차,1834. 월드메르디앙 벤처센터 2차,10,서울특별시 금천구 가산디지털2로 123,가산동 450-2,37.47908401,126.87904358,0,0,2716
2716,금천구,ST-641,01835,STX V타워,1835. STX V타워,10,서울특별시 금천구 가산디지털1로 128,가산동 371-37,37.47706985,126.88442993,0,0,2717
2717,금천구,ST-642,01819,금천구청 앞 자전거거치대,1819. 금천구청 앞 자전거거치대,10,서울특별시 금천구 시흥대로73길 70,시흥동 1020,37.45647812,126.89592743,0,0,2718
2718,강북구,ST-643,01503,강북구청사거리(수유역 8번출구),1503. 강북구청사거리(수유역 8번출구),14,서울특별시 강북구 도봉로 355,,37.63926315,127.02672577,0,0,2719
2719,강북구,ST-644,01504,삼양시장오거리,1504. 삼양시장오거리,10,서울특별시 강북구 삼양로 234,다이소 삼양시장점,37.62415695,127.01862335,0,0,2720
2720,강북구,ST-645,01506,강북문화예술회관,1506. 강북문화예술회관,15,서울특별시 강북구 삼각산로 85,강북문화예술회관,37.64032745,127.01335907,0,0,2721
2721,강북구,ST-646,01514,강북구청 사거리 버스정류소 앞,1514. 강북구청 사거리 버스정류소 앞,10,서울특별시 강북구 한천로 1009,강북구청 사거리 버스정류소,37.63880539,127.02835846,0,0,2722
2722,강북구,ST-647,01525,미아동 복합청사,1525. 미아동 복합청사,10,서울특별시 강북구 솔매로49길 14,미아동 195-1,37.62714005,127.02669525,0,0,2723
2723,강북구,ST-648,01515,송천동 주민센터,1515. 송천동 주민센터,10,서울특별시 강북구 솔샘로 284,송천동 주민센터,37.61828613,127.02404785,0,0,2724
2724,영등포구,ST-65,00216,삼부아파트1동 앞,216. 삼부아파트1동 앞,10,서울특별시 영등포구 국제금융로7길 27,삼부아파트 1동 앞,37.52349091,126.93289948,0,0,2725
2725,강북구,ST-650,01520,수유중앙시장,1520. 수유중앙시장,7,서울특별시 강북구 노해로 50,수유동 140,37.63986206,127.02278900,0,0,2726
2726,강북구,ST-651,01519,장미원시장 건너편,1519. 장미원시장 건너편,10,서울특별시 강북구 삼양로 474,수유동 317-3,37.64545059,127.01561737,0,0,2727
2727,강북구,ST-652,01516,우이초등학교 후문 옆,1516. 우이초등학교 후문 옆,10,서울특별시 강북구 수유동 409-131,,37.63858795,127.01590729,0,0,2728
2728,강북구,ST-653,01517,우이초등학교 앞 사거리공원,1517. 우이초등학교 앞 사거리공원,1,서울특별시 강북구 삼각산로22길 2-4,우이초등학교 앞 사거리공원,37.64009476,127.01670837,0,0,2729
2729,강북구,ST-654,01518,수유2동은행빌딩 앞,1518. 수유2동은행빌딩 앞,10,서울특별시 강북구 삼양로 439,SK telecom(수유직영점),37.64308548,127.01616669,0,0,2730
2730,성북구,ST-655,01321,국민은행 종암동지점 앞,1321. 국민은행 종암동지점 앞,14,서울특별시 성북구 종암로3길 37-2,성북구 종암동 12-33,37.59328842,127.03666687,0,0,2731
2731,도봉구,ST-657,01703,도봉산광역환승센터앞,1703. 도봉산광역환승센터앞 ,10,서울특별시 도봉구 도봉로 955,도봉동 637-1,37.68972015,127.04519653,0,0,2732
2732,도봉구,ST-658,01708,도봉보건소사거리,1708. 도봉보건소사거리,7,서울특별시 도봉구 해등로 150,창동 723-10,37.65682983,127.03984833,0,0,2733
2733,영등포구,ST-66,00217,NH농협은행 앞,217. NH농협은행 앞,15,서울특별시 영등포구 국제금융로8길 2,NH농협은행 앞,37.52207947,126.93036652,0,0,2734
2734,금천구,ST-660,01827,독산보도육교 앞 자전거 보관소,1827. 독산보도육교 앞 자전거 보관소,20,서울특별시 금천구 독산동 727-1,,37.45672607,126.89306641,0,0,2735
2735,금천구,ST-661,01836,금천구립 독산도서관,1836. 금천구립 독산도서관,7,서울특별시 금천구 독산로54길 114,독산동 375-2,37.46740341,126.90814209,0,0,2736
2736,구로구,ST-662,01901,신도림동주민센터 앞,1901. 신도림동주민센터 앞,10,서울특별시 구로구 신도림로 40,구로구 신도림동 397-32,37.50733185,126.87973022,0,0,2737
2737,구로구,ST-663,01904,도림천역 1번 출구 앞,1904. 도림천역 1번 출구 앞,10,서울특별시 구로구 경인로67길 160,구로구 신도림동 323-16,37.51424026,126.88287354,0,0,2738
2738,구로구,ST-664,01906,신도림역 1번 출구 앞,1906. 신도림역 1번 출구 앞,20,서울특별시 구로구 경인로 688,구로구 신도림동 348-1,37.50971985,126.89009857,0,0,2739
2739,구로구,ST-665,01907,구일우성(아) 육교 밑,1907. 구일우성(아) 육교 밑,12,서울특별시 구로구 구일로2길 59,구로구 구로동 685-524,37.48963165,126.87625885,0,0,2740
2740,구로구,ST-666,01908,해원리바파크 육교 밑,1908. 해원리바파크 육교 밑,12,서울특별시 구로구 구일로 110,구로구 구로동 642-107,37.49528503,126.87216187,0,0,2741
2741,구로구,ST-667,01910,낙원교회 맞은편,1910. 낙원교회 맞은편,5,서울특별시 구로구 구로동로42길 43,구로구 구로동 454-92,37.49750519,126.88437653,0,0,2742
2742,구로구,ST-668,01911,구로디지털단지역 앞,1911. 구로디지털단지역 앞,18,서울특별시 구로구 시흥대로 577-2,구로구 구로동 1119,37.48493958,126.90132141,0,0,2743
2743,구로구,ST-669,01912,한신휴아파트 앞,1912. 한신휴아파트 앞,13,서울특별시 구로구 디지털로31길 120,구로구 구로동 772,37.48880005,126.89066315,0,0,2744
2744,영등포구,ST-67,00221,여의도초교 앞,221. 여의도초교 앞,10,서울특별시 영등포구 여의대방로 439,여의도초등학교 앞,37.52267456,126.93778992,0,0,2745
2745,구로구,ST-670,01913,구로리공원,1913. 구로리공원,10,서울특별시 구로구 구로중앙로 13,구로구 구로동 136-14,37.49103165,126.89215088,0,0,2746
2746,구로구,ST-671,01916,구로중학교앞,1916. 구로중학교앞,10,서울특별시 구로구 구로중앙로 48,구로구 구로동 65,37.49414062,126.88998413,0,0,2747
2747,구로구,ST-673,01920,서울미래초등학교 사거리,1920. 서울미래초등학교 사거리,14,서울특별시 구로구 새말로 73,구로구 구로동 50,37.50437927,126.88829803,0,0,2748
2748,구로구,ST-674,01924,삼부르네상스파크빌,1924. 삼부르네상스파크빌,10,서울특별시 구로구 남부순환로 1299,구로구 가리봉동 127-30,37.47874069,126.89509583,0,0,2749
2749,구로구,ST-675,01928,고척스카이돔구장 광장,1928. 고척스카이돔구장 광장,10,서울특별시 구로구 경인로 430,구로구 고척동 63-5,37.49946976,126.86840057,0,0,2750
2750,구로구,ST-676,01929,고척근린공원 고척도서관 앞,1929. 고척근린공원 고척도서관 앞,10,서울특별시 구로구 고척로45길 1,,37.50381470,126.85195923,0,0,2751
2751,구로구,ST-677,01930,개봉지구대 개봉치안센터,1930. 개봉지구대 개봉치안센터,7,서울특별시 구로구 경인로 293,구로구 개봉동 139-4,37.49768448,126.85372925,0,0,2752
2752,구로구,ST-678,01933,개봉푸르지오아파트 상가,1933. 개봉푸르지오아파트 상가,16,서울특별시 구로구 남부순환로 775 개봉푸르지오,,37.50170517,126.84728241,0,0,2753
2753,구로구,ST-679,01937,한진아파트 입구,1937. 한진아파트 입구,15,서울특별시 구로구 개봉로3길 87,구로구 개봉동 375-4,37.48606110,126.85201263,0,0,2754
2754,영등포구,ST-68,00222,시범아파트버스정류장 옆,222. 시범아파트버스정류장 옆,12,서울특별시 영등포구 63로 45 여의도시범아파트,,37.51902008,126.93688965,0,0,2755
2755,구로구,ST-680,01938,오류동역 3번출구 앞,1938. 오류동역 3번출구 앞 ,,서울특별시 구로구 경인로20길 13,구로구 오류동 65-6,37.49502945,126.84361267,0,0,2756
2756,구로구,ST-681,01940,예성 라온팰리스 앞,1940. 예성 라온팰리스 앞,10,서울특별시 구로구 오류로8바길 34,구로구 오류동 33-145,37.49755096,126.84725189,0,0,2757
2757,동작구,ST-683,02002,노들역 1번출구,2002. 노들역 1번출구,17,서울특별시 동작구 노량진로 지하 238,동작구 본동 344-10,37.51284409,126.95246887,0,0,2758
2758,동작구,ST-685,02007,유한양행앞,2007. 유한양행앞,20,서울특별시 동작구 노량진로 74,동작구 대방동 47-3,37.51293945,126.93424225,0,0,2759
2759,동작구,ST-686,02008,노량진근린공원 대방공원,2008. 노량진근린공원 대방공원,10,서울특별시 동작구 여의대방로44길 20,동작구 대방동 503-2,37.50936890,126.92807007,0,0,2760
2760,동작구,ST-687,02013,장승배기역 5번출구,2013. 장승배기역 5번출구,30,서울특별시 동작구 상도로 지하 188,동작구 노량진동 311-4,37.50585175,126.93936157,0,0,2761
2761,동작구,ST-688,02016,신대방삼거리역 3번출구쪽,2016. 신대방삼거리역 3번출구쪽,10,서울특별시 동작구 상도로 지하 76,동작구 대방동 406-10,37.49964523,126.92709351,0,0,2762
2762,영등포구,ST-69,00223,진주아파트상가 앞,223. 진주아파트상가 앞,20,서울특별시 영등포구 국제금융로 106 행진빌딩,,37.51913071,126.93337250,0,0,2763
2763,동작구,ST-690,02020,장승배기역2번출구뒷편쪽,2020. 장승배기역2번출구뒷편쪽,10,서울특별시 동작구 상도로 지하 188,동작구 상도동 26-20,37.50449753,126.93898773,0,0,2764
2764,동작구,ST-691,02024,상도역 1번출구,2024. 상도역 1번출구,10,서울특별시 동작구 상도로 지하 272,동작구 상도1동 776,37.50217819,126.94820404,0,0,2765
2765,동작구,ST-692,02025,흑석역 1번출구,2025. 흑석역 1번출구,20,서울특별시 동작구 현충로 지하 90,동작구 흑석동 2-28,37.50938034,126.96361542,0,0,2766
2766,동작구,ST-693,02027,중앙대학교 정문 1,2027. 중앙대학교 정문 1,15,서울특별시 동작구 흑석로 47,동작구 흑석동 221-1,37.50704193,126.95915222,0,0,2767
2767,동작구,ST-694,02036,정금마을 마을버스정류장,2036. 정금마을 마을버스정류장,12,서울특별시 동작구 동작대로39길 22 이수힐스테이트,,37.49466324,126.98244476,0,0,2768
2768,동작구,ST-695,02037,동작역 5번출구 동작주차공원,2037. 동작역 5번출구 동작주차공원,20,서울특별시 동작구 현충로 지하 220,동작구 동작동 326,37.50318909,126.97714996,0,0,2769
2769,동작구,ST-696,02038,동작역 7번출구,2038. 동작역 7번출구,10,서울특별시 동작구 현충로 지하 220,동작구 동작동 203-5,37.50318146,126.97608948,0,0,2770
2770,동작구,ST-697,02040,비계 버스정류소,2040. 비계 버스정류소,10,서울특별시 동작구 현충로 151,동작구 흑석동 28-3,37.50635910,126.96907806,0,0,2771
2771,동작구,ST-699,02050,노량진역 5번출구,2050. 노량진역 5번출구,15,서울특별시 동작구 노량진로 지하 130,노량진동 60-11,37.51324844,126.93997192,0,0,2772
2772,마포구,ST-7,00105,합정역 5번출구 앞,105. 합정역 5번출구 앞,5,서울특별시 마포구 양화로 48,394-95,37.55000687,126.91482544,0,0,2773
2773,영등포구,ST-70,00224,롯데캐슬 앞,224. 롯데캐슬 앞,20,서울특별시 영등포구 국제금융로 86,롯데캐슬 앞,37.52008820,126.93236542,0,0,2774
2774,동작구,ST-700,02054,삼익아파트,2054. 삼익아파트,10,서울특별시 동작구 만양로 84,노량진동 118-14,37.51054764,126.94484711,0,0,2775
2775,동작구,ST-701,02057,상도 아이파크 아파트,2057. 상도 아이파크 아파트,10,서울특별시 동작구 장승배기로 26,상도동 201-38,37.50088120,126.94174957,0,0,2776
2776,관악구,ST-702,02102,봉림교 교통섬,2102. 봉림교 교통섬,13,서울특별시 관악구 신림동 1467-13,,37.48408508,126.92688751,0,0,2777
2777,관악구,ST-703,02103,신림동 우방아파트,2103. 신림동 우방아파트,10,서울특별시 관악구 관천로27길 2,신사동 우방아파트,37.48917770,126.91927338,0,0,2778
2778,관악구,ST-704,02105,미성동 신림체육센터,2105. 미성동 신림체육센터,12,서울특별시 관악구 난곡로 295,관악구 신림동 1475-64,37.48025131,126.91460419,0,0,2779
2779,관악구,ST-705,02106,세이브마트,2106. 세이브마트,12,서울특별시 관악구 난곡로 210,관악구 신림동 614-25,37.47372818,126.91840363,0,0,2780
2780,관악구,ST-707,02127,난곡종점,2127. 난곡종점,10,서울특별시 관악구 난곡로 99,관악구 신림동 666-30,37.46488571,126.91947937,0,0,2781
2781,관악구,ST-708,02135,신림역 5번출구,2135. 신림역 5번출구,9,서울특별시 관악구 남부순환로 지하 1614,관악구 신림동 1467-10,37.48440933,126.92890930,0,0,2782
2782,관악구,ST-709,02144,난우길입구,2144. 난우길입구,15,서울특별시 관악구 문성로 115,관악구 신림동 산 197-60,37.47777557,126.91675568,0,0,2783
2783,영등포구,ST-71,00225,앙카라공원 앞,225. 앙카라공원 앞,26,서울특별시 영등포구 의사당대로 166 샛강역,,37.51758575,126.92961884,0,0,2784
2784,관악구,ST-710,02153,서울남부초등학교 옆,2153. 서울남부초등학교 옆,,서울특별시 관악구 남부순환로163가길 20,신림동 483-14,37.48514175,126.92056274,0,0,2785
2785,관악구,ST-711,02157,난곡 사거리,2157. 난곡 사거리,10,서울특별시 관악구 난곡로 317,신림동 538,37.48180008,126.91523743,0,0,2786
2786,관악구,ST-712,02104,사당역 5번출구,2104. 사당역 5번출구,13,서울특별시 관악구 남현동 1060-12,,37.47608948,126.98133087,0,0,2787
2787,관악구,ST-713,02107,도림천 신화교,2107. 도림천 신화교,25,서울특별시 관악구 신림로 40,관악구 신림동 808-133,37.47547150,126.93645477,0,0,2788
2788,관악구,ST-714,02108,은천치안센터,2108. 은천치안센터,20,서울특별시 관악구 봉천로 375,관악구 봉천동 975-18,37.48334122,126.94319916,0,0,2789
2789,관악구,ST-715,02112,서울대입구역 마에스트로,2112. 서울대입구역 마에스트로,15,서울특별시 관악구 남부순환로 지하 1822,관악구 봉천동 979-2,37.48133850,126.95064545,0,0,2790
2790,관악구,ST-716,02114,관악구 재활용센터,2114. 관악구 재활용센터,12,서울특별시 관악구 남부순환로 1427,관악구 신림동 564,37.48112869,126.90943146,0,0,2791
2791,관악구,ST-717,02116,에이스에이존빌딩,2116. 에이스에이존빌딩,9,서울특별시 관악구 남부순환로 지하 1822,관악구 봉천동 979-2,37.48170471,126.95082855,0,0,2792
2792,관악구,ST-719,02122,낙성대로 입구,2122. 낙성대로 입구,20,서울특별시 관악구 남부순환로 1889,관악구 봉천동 1693-38,37.47805786,126.96049500,0,0,2793
2793,영등포구,ST-72,00226,샛강역 1번출구 앞,226. 샛강역 1번출구 앞,19,서울특별시 영등포구 의사당대로 지하166,샛강역 1번출구 앞,37.51776505,126.92841339,0,0,2794
2794,관악구,ST-720,02128,관악구청교차로,2128. 관악구청교차로,12,서울특별시 관악구 관악로 153,관악구 봉천동 979-3,37.47916412,126.95258331,0,0,2795
2795,관악구,ST-721,02129,낙성대 과학전시관,2129. 낙성대 과학전시관,10,서울특별시 관악구 낙성대로 101,관악구 봉천동 244-1,37.46905518,126.95814514,0,0,2796
2796,관악구,ST-722,02130,영어마을 관악캠프,2130. 영어마을 관악캠프,10,서울특별시 관악구 낙성대로 70,관악구 봉천동 274-4,37.47198868,126.95842743,0,0,2797
2797,관악구,ST-723,02137,KT&G 관악지점,2137. KT&G 관악지점,10,서울특별시 관악구 남부순환로 1675,관악구 봉천동 979-9,37.48490143,126.93653107,0,0,2798
2798,관악구,ST-724,02140,신림1교 교차로,2140. 신림1교 교차로,20,서울특별시 관악구 신림로 270,관악구 신림동 808-263,37.47842789,126.93186188,0,0,2799
2799,관악구,ST-725,02145,은천초등학교 육교,2145. 은천초등학교 육교,12,서울특별시 관악구 은천로 69,관악구 봉천동 982-2,37.48635864,126.94292450,0,0,2800
2800,동작구,ST-726,02009,보라매역 8번출구,2009. 보라매역 8번출구,10,서울특별시 동작구 상도로 지하 2,동작구 대방동 466-51,37.50007629,126.92108154,0,0,2801
2801,동작구,ST-727,02012,대림사거리(동작상떼빌아파트),2012. 대림사거리(동작상떼빌아파트),10,서울특별시 동작구 시흥대로 634,동작구 신대방동 699,37.48836136,126.90622711,0,0,2802
2802,동작구,ST-728,02015,신대방삼거리역 6번출구쪽,2015. 신대방삼거리역 6번출구쪽,20,서울특별시 동작구 상도로 지하 76,동작구 상도동 329-2,37.49985504,126.92956543,0,0,2803
2803,동작구,ST-729,02033,사당동 아르테스 웨딩앞,2033. 사당동 아르테스 웨딩앞,10,서울특별시 동작구 동작대로 지하 3,동작구 사당동 1112,37.48149109,126.98158264,0,0,2804
2804,영등포구,ST-73,00207,여의나루역 1번출구 앞,207. 여의나루역 1번출구 앞,46,서울특별시 영등포구 여의동로 지하343,여의나루역 1번출구 앞,37.52715683,126.93190002,0,0,2805
2805,동작구,ST-731,02041,사당중학교 버스정류소,2041. 사당중학교 버스정류소,7,서울특별시 동작구 사당로 169,동작구 사당동 211-2,37.48683548,126.96804810,0,0,2806
2806,동작구,ST-732,02048,삼일초등학교 인근,2048. 삼일초등학교 인근,10,서울특별시 동작구 사당동 1157-2,,37.48907852,126.97356415,0,0,2807
2807,동작구,ST-733,02056,동작구민 체육센터,2056. 동작구민 체육센터,10,서울특별시 동작구 여의대방로16길 53,신대방동 460-37,37.49449921,126.91652679,0,0,2808
2808,도봉구,ST-734,01704,도봉구 창포원,1704. 도봉구 창포원,,서울특별시 도봉구 마들로 891,도봉동 22-26,37.68827438,127.04906464,0,0,2809
2809,노원구,ST-735,01608,공릉역 1번 출구 앞,1608. 공릉역 1번 출구 앞,10,서울특별시 노원구 동일로 지하 1074,노원구 공릉동 385-4,37.62661362,127.07275391,0,0,2810
2810,노원구,ST-736,01619,중계동 하나프라자빌딩 앞(중1-1),1619. 중계동 하나프라자빌딩 앞(중1-1),10,서울특별시 노원구 한글비석로 235,노원구 중계동 391,37.64902115,127.07640839,0,0,2811
2811,송파구,ST-737,01203,밀리아나2빌딩 앞,1203. 밀리아나2빌딩 앞,20,서울특별시 송파구 송파대로28길 24,송파구 가락동 100-2,37.49372864,127.12062073,0,0,2812
2812,송파구,ST-738,01207,마천중앙시장,1207. 마천중앙시장,10,서울특별시 송파구 성내천로 233,송파구 마천동 200-58,37.49975586,127.15250397,0,0,2813
2813,송파구,ST-739,01211,방이삼거리,1211. 방이삼거리,9,서울특별시 송파구 석촌호수로 298,송파구 신천동 33,37.51210403,127.10778046,0,0,2814
2814,송파구,ST-740,01214,오금역 7번 출구 인근,1214. 오금역 7번 출구 인근,10,서울특별시 송파구 오금로 지하 321,송파구 오금동 44-2,37.50259399,127.12764740,0,0,2815
2815,서초구,ST-741,02201,본마을 정류소 앞,2201. 본마을 정류소 앞,14,서울특별시 서초구 본마을2길 2,서초구 신원동 485-13,37.45328140,127.05148315,0,0,2816
2816,서초구,ST-742,02202,청계산입구역 1번출구,2202.청계산입구역 1번출구,20,서울특별시 서초구 청계산로 지하 179,서초구 신원동 276-1,37.44893646,127.05437469,0,0,2817
2817,서초구,ST-743,02205,내곡3단지 어린이공원 앞,2205. 내곡3단지 어린이공원 앞,15,서울특별시 서초구 청계산로9길 76,서초구 신원동 411-69,37.45375061,127.05937958,0,0,2818
2818,서초구,ST-744,02206,언남초등학교 앞,2206. 언남초등학교 앞,20,서울특별시 서초구 헌릉로8길 42,서초구 내곡동 123-1,37.45435715,127.06210327,0,0,2819
2819,서초구,ST-745,02210,반포1동 주민센터 앞,2210. 반포1동 주민센터 앞,10,서울특별시 서초구 사평대로 지하 285,서초구 반포동 128-7,37.50509644,127.01310730,0,0,2820
2820,서초구,ST-746,02212,서초현대4차아파트 201동 맞은편,2212.서초현대4차아파트 201동 맞은편,14,서울특별시 서초구 고무래로 89 반포써밋,,37.50065231,127.01861572,0,0,2821
2821,서초구,ST-747,02213,고속터미널역 5번출구 앞,2213. 고속터미널역 5번출구 앞,20,서울특별시 서초구 신반포로 지하 188,서초구 반포동 117-4,37.50223160,127.00225830,0,0,2822
2822,서초구,ST-748,02214,신반포역 2번출구 앞,2214. 신반포역 2번출구 앞,15,서울특별시 서초구 신반포로 지하 105,서초구 반포동 128-1,37.50411606,126.99748993,0,0,2823
2823,서초구,ST-749,02217,아크로리버뷰 부지 앞,2217.아크로리버뷰 부지 앞,20,서울특별시 서초구 나루터로4길 60,서초구 잠원동 78,37.51304626,127.00595856,0,0,2824
2824,서초구,ST-750,02219,"고속터미널역 8-1번, 8-2번 출구 사이","2219. 고속터미널역 8-1번, 8-2번 출구 사이",20,서울특별시 서초구 신반포로 지하 188,서초구 잠원동 101,37.50619888,127.00394440,0,0,2825
2825,서초구,ST-751,02220,반포본동 주민센터 앞,2220. 반포본동 주민센터 앞,15,서울특별시 서초구 신반포로 10,서초구 반포동 752,37.50061417,126.98616028,0,0,2826
2826,서초구,ST-752,02221,방일초교 마을버스 정류장,2221. 방일초교 마을버스 정류장,15,서울특별시 서초구 방배로 110,서초구 방배동 905-34,37.48561096,126.99468231,0,0,2827
2827,서초구,ST-753,02222,사당역 12번출구 뒤,2222.사당역 12번출구 뒤,10,서울특별시 동작구 동작대로 지하 3,서초구 방배동 495-3,37.47806931,126.98203278,0,0,2828
2828,서초구,ST-754,02223,방배래미안 정문 앞,2223. 방배래미안 정문 앞,15,서울특별시 서초구 남부순환로 2183,서초구 방배동 2577,37.47261047,126.98300934,0,0,2829
2829,서초구,ST-755,02225,백석예술대학교 제3캠퍼스 앞,2225.백석예술대학교 제3캠퍼스 앞,10,서울특별시 서초구 방배로9길 23,서초구 방배동 504-4,37.47375870,126.99524689,0,0,2830
2830,서초구,ST-756,02226,신동아럭스빌아파트 앞,2226. 신동아럭스빌아파트 앞,10,서울특별시 서초구 방배로1길 9,서초구 방배동 1034-2,37.47518158,127.00138855,0,0,2831
2831,서초구,ST-757,02227,방배열린문화센터 앞,2227.방배열린문화센터 앞,15,서울특별시 서초구 서초대로 지하 103,서초구 방배동 874-16,37.48905182,126.99252319,0,0,2832
2832,서초구,ST-758,02228,뒷벌공원 옆,2228.뒷벌공원 옆,15,서울특별시 서초구 방배동 388-5,,37.48976898,126.98676300,0,0,2833
2833,서초구,ST-759,02229,로고스교회 맞은 편,2229.로고스교회 맞은 편,10,서울특별시 서초구 방배천로 126,서초구 방배동 3151,37.48701096,126.98496246,0,0,2834
2834,마포구,ST-76,00401,상암월드컵파크 10단지 앞,401. 상암월드컵파크 10단지 앞,13,서울특별시 마포구 월드컵북로 502-36,상암월드컵파크 10단지 앞,37.58618927,126.88161469,0,0,2835
2835,서초구,ST-760,02230,이수역 4번 출구,2230.이수역 4번 출구,20,서울특별시 동작구 사당로 지하 310,서초구 방배동 2298,37.48582840,126.98262787,0,0,2836
2836,서초구,ST-761,02231,삼성타운(삼성생명) A동 맞은편,2231. 삼성타운(삼성생명) A동 맞은편,17,서울특별시 서초구 서초대로 405,1377,37.49691391,127.02496338,0,0,2837
2837,서초구,ST-762,02233,서초신동아1차아파트 옆,2233. 서초신동아1차아파트 옆,13,서울특별시 서초구 효령로36길 22,서초동 1418,37.49111176,127.02295685,0,0,2838
2838,서초구,ST-763,02235,KT 서초지사 앞,2235.KT 서초지사 앞,10,서울특별시 서초구 사평대로 73,서초구 방배동 1037-2,37.48215866,127.00270081,0,0,2839
2839,서초구,ST-764,02237,서울남부터미널 대합실 입구,2237.서울남부터미널 대합실 입구,20,서울특별시 서초구 서초중앙로 지하 31,서초구 서초동 1748-38,37.48455811,127.01486969,0,0,2840
2840,서초구,ST-765,02239,교대역 6번출구,2239.교대역 6번출구,10,서울특별시 서초구 서초대로 지하 294,서초구 서초동 1748-6,37.49421692,127.01378632,0,0,2841
2841,서초구,ST-766,02241,양재전화국 사거리,2241.양재전화국 사거리,6,서울특별시 강남구 논현로 201,강남구 도곡동 207,37.48537827,127.04170227,0,0,2842
2842,서초구,ST-767,02242,양재역 11번 출구 앞,2242.양재역 11번 출구 앞,20,서울특별시 서초구 남부순환로 지하 2585,서초구 양재동 105-4,37.48398972,127.03417969,0,0,2843
2843,서초구,ST-768,02243,서울가정법원,2243.서울가정법원,15,서울특별시 서초구 강남대로 193,서초구 양재동 105-4,37.48149109,127.03672791,0,0,2844
2844,서초구,ST-769,02244,교육개발원입구 교차로,2244.교육개발원입구 교차로,20,서울특별시 서초구 바우뫼로1길 35,서초구 양재동 20-40,37.47785187,127.03890991,0,0,2845
2845,마포구,ST-77,00402,상암월드컵파크 9단지 앞,402. 상암월드컵파크 9단지 앞,20,서울특별시 마포구 상암동 1748-1,,37.58292770,126.87983704,0,0,2846
2846,서초구,ST-770,02245,양재초등학교 맞은편,2245.양재초등학교 맞은편,20,서울특별시 서초구 바우뫼로18길 14,서초구 양재동 127-1,37.47361374,127.03050995,0,0,2847
2847,서초구,ST-771,02247,섬들근린공원,2247.섬들근린공원,30,서울특별시 서초구 태봉로2길 24,우면동 718,37.46263885,127.02661896,0,0,2848
2848,서초구,ST-772,02255,양재시민의숲역 1번출구,2255. 양재시민의숲역 1번출구,25,서울특별시 서초구 양재동 237-2,,37.47016525,127.03862000,0,0,2849
2849,서초구,ST-773,02256,양재동 꽃시장 입구,2256.양재동 꽃시장 입구,10,서울특별시 서초구 강남대로 27,양재동 238,37.46768951,127.04035950,0,0,2850
2850,서초구,ST-774,02257,청계산 입구 삼거리,2257. 청계산 입구 삼거리,10,서울특별시 서초구 청계산로 10,양재동 238-1,37.46268845,127.04611206,0,0,2851
2851,서초구,ST-775,02258,구룡사 삼거리,2258.구룡사 삼거리,20,서울특별시 강남구 논현로2길 22,개포동 1277,37.47153854,127.05059052,0,0,2852
2852,서초구,ST-776,02262,한신16차아파트 119동 앞,2262. 한신16차아파트 119동 앞,25,서울특별시 서초구 잠원로 145-9,,37.51619720,127.00920868,0,0,2853
2853,강남구,ST-777,02301,현대고등학교 건너편,2301. 현대고등학교 건너편,10,서울특별시 강남구 압구정로 134,현대고등학교 건너편,37.52407074,127.02178955,0,0,2854
2854,강남구,ST-778,02343,세곡사거리 대왕파출소 앞,2343. 세곡사거리 대왕파출소 앞,10,서울특별시 강남구 헌릉로 623,세곡사거리 대왕파출소 앞,37.46531677,127.10772705,0,0,2855
2855,강남구,ST-779,02344,리엔파크 2단지 앞,2344. 리엔파크 2단지 앞,10,서울특별시 강남구 헌릉로590길 10,리엔파크 2단지 앞,37.46506119,127.10119629,0,0,2856
2856,마포구,ST-78,00403,부엉이공원 앞,403. 부엉이공원 앞,20,서울특별시 마포구 가양대로 189,부엉이근린공원 앞,37.58559036,126.88472748,0,0,2857
2857,서초구,ST-780,02259,잠원역 3번-4번 출구사이,2259. 잠원역 3번-4번 출구사이 ,15,서울특별시 서초구 잠원로4길 지하 46,"잠원역 3,4번 출구사이",37.51298904,127.01117706,0,0,2858
2858,서초구,ST-781,02251,더케이호텔 입구(양재2),2251. 더케이호텔 입구(양재2) ,10,서울특별시 서초구 바우뫼로12길 70,더케이호텔 입구(양재2),37.46750641,127.03447723,0,0,2859
2859,강남구,ST-782,02337,대모산입구역 2번출구 앞,2337. 대모산입구역 2번출구 앞,10,서울특별시 강남구 영동대로 101,대모산입구역 2번출구 앞,37.49207687,127.07197571,0,0,2860
2860,강남구,ST-783,02309,청담역(우리들병원 앞),2309. 청담역(우리들병원 앞),10,서울특별시 강남구 학동로 443,강남구 청담동 77-76 (학동로 443 앞 도로),37.51890182,127.04938507,0,0,2861
2861,강남구,ST-784,02317,삼성도로공원,2317. 삼성도로공원,10,서울특별시 강남구 영동대로112길 66,삼성도로공원,37.51588821,127.06620026,0,0,2862
2862,강남구,ST-786,02311,학동로 래미안 아파트 앞,2311. 학동로 래미안 아파트 앞,6,서울특별시 강남구 학동로 지하 508,학동로 래미안 아파트 앞,37.51777267,127.04302216,0,0,2863
2863,강남구,ST-787,02302,교보타워 버스정류장(신논현역 3번출구 후면),2302. 교보타워 버스정류장(신논현역 3번출구 후면),10,서울특별시 강남구 봉은사로 지하 102,교보타워 버스정류장,37.50558090,127.02427673,0,0,2864
2864,강남구,ST-788,02303,논현역 10번출구,2303. 논현역 10번출구,15,서울특별시 강남구 학동로 102 논현역,,37.51137161,127.02146149,0,0,2865
2865,강남구,ST-789,02304,대현그린타워,2304. 대현그린타워,10,서울특별시 강남구 언주로 619 대현그린타워,,37.51162720,127.03565216,0,0,2866
2866,마포구,ST-79,00404,우리금융상암센터 교차로,404. 우리금융상암센터 교차로,10,서울특별시 마포구 월드컵북로60길 17,우리금융상암센터 교차로,37.58348083,126.88669586,0,0,2867
2867,강남구,ST-790,02305,MCM 본사 직영점 앞,2305. MCM 본사 직영점 앞,6,서울특별시 강남구 언주로 734,MCM 본사 직영점 앞,37.52064133,127.03450775,0,0,2868
2868,강남구,ST-791,02306,압구정역 2번 출구 옆,2306. 압구정역 2번 출구 옆,26,서울특별시 강남구 압구정로 지하 172,압구정역 2번 출구 옆,37.52712250,127.02871704,0,0,2869
2869,강남구,ST-792,02307,압구정 한양 3차 아파트,2307. 압구정 한양 3차 아파트,10,서울특별시 강남구 압구정로 339-2 가로판매,,37.52838135,127.03901672,0,0,2870
2870,강남구,ST-793,02308,압구정파출소 앞,2308. 압구정파출소 앞,14,서울특별시 강남구 압구정로 311,압구정파출소 앞,37.52930069,127.03559875,0,0,2871
2871,강남구,ST-794,02310,청담동 맥도날드 옆(위치),2310. 청담동 맥도날드 옆(위치),10,서울특별시 강남구 학동로 지하 508,청담동 맥도날드 옆,37.52361298,127.04017639,0,0,2872
2872,강남구,ST-795,02312,청담역 13번 출구 앞,2312. 청담역 13번 출구 앞,10,서울특별시 강남구 영동대로 703,청담역 13번 출구 앞,37.52058029,127.05632782,0,0,2873
2873,강남구,ST-796,02313,금원빌딩 앞,2313. 금원빌딩 앞,10,서울특별시 강남구 도산대로 539,금원빌딩,37.52511597,127.05246735,0,0,2874
2874,강남구,ST-797,02348,포스코사거리(기업은행),2348. 포스코사거리(기업은행),23,서울특별시 강남구 테헤란로 501,포스코사거리(기업은행),37.50723267,127.05685425,0,0,2875
2875,강남구,ST-798,02314,청담나들목입구,2314. 청담나들목입구,10,서울특별시 강남구 삼성동 111-4,,37.52101517,127.06015015,0,0,2876
2876,강남구,ST-799,02315,봉은사역 5번출구 옆,2315. 봉은사역 5번출구 옆,10,서울특별시 강남구 봉은사로 지하 601,봉은사역 5번출구 옆,37.51424789,127.06111908,0,0,2877
2877,마포구,ST-8,00106,합정역 7번출구 앞,106. 합정역 7번출구 앞,12,서울특별시 마포구 독막로 4,381-1,37.54864502,126.91282654,0,0,2878
2878,마포구,ST-80,00405,DMC빌 앞,405. DMC빌 앞,8,서울특별시 마포구 월드컵북로60길 13,DMC빌 앞,37.58265686,126.88578796,0,0,2879
2879,강남구,ST-800,02316,삼성역 8번출구,2316. 삼성역 8번출구,20,서울특별시 강남구 영동대로 502,삼성역 7번출구,37.50957489,127.06340790,0,0,2880
2880,강남구,ST-801,02318,삼성중앙역4번출구(문화센터더 리빌),2318. 삼성중앙역4번출구(문화센터더 리빌),16,서울특별시 강남구 봉은사로 531,삼성중앙역4번출구(문화센터더 라빌),37.51357651,127.05503082,0,0,2881
2881,강남구,ST-802,02319,포스코사거리 서측(수협 삼성동 지점),2319. 포스코사거리 서측(수협 삼성동 지점),10,서울특별시 강남구 테헤란로 435,포스코4거리 서측(수협 삼성동 지점),37.50660706,127.05467987,0,0,2882
2882,강남구,ST-803,02320,도곡역 대치지구대 방향,2320. 도곡역 대치지구대 방향,10,서울특별시 강남구 남부순환로 지하 2814,대치지구대 방향,37.49192810,127.05696869,0,0,2883
2883,강남구,ST-804,02321,학여울역 사거리,2321. 학여울역 사거리,10,서울특별시 강남구 남부순환로 지하 3104,학여울역 사거리,37.49611664,127.06944275,0,0,2884
2884,강남구,ST-805,02322,삼성역 3번 출구,2322. 삼성역 3번 출구,15,서울특별시 강남구 테헤란로 534,삼성역 3번 출구,37.50809097,127.06310272,0,0,2885
2885,강남구,ST-806,02323,주식회사 오뚜기 정문 앞,2323. 주식회사 오뚜기 정문 앞,10,서울특별시 강남구 영동대로 308,주식회사 오뚜기 정문 앞,37.50221252,127.06720734,0,0,2886
2886,강남구,ST-807,02324,천주교 대치 2동 교회 옆,2324. 천주교 대치 2동 교회 옆,10,서울특별시 강남구 도곡로 540,천주교 대치 2동 교회 옆,37.50043869,127.06622314,0,0,2887
2887,강남구,ST-808,02325,대치삼성아파트 앞 교차로,2325. 대치삼성아파트 앞 교차로,10,서울특별시 강남구 도곡로 447,대치동 버거킹대치점,37.49864960,127.05931854,0,0,2888
2888,강남구,ST-809,02326,대치동 삼성로,2326. 대치동 삼성로,10,서울특별시 강남구 삼성로 350,대치동 삼성로,37.50239563,127.05879974,0,0,2889
2889,마포구,ST-81,00406,상암월드컵파크 7단지 앞,406. 상암월드컵파크 7단지 앞,15,서울특별시 마포구 월드컵로42길 22,,37.58111191,126.88087463,0,0,2890
2890,강남구,ST-810,02327,뱅뱅사거리 랜드마크타워 앞,2327. 뱅뱅사거리 랜드마크타워 앞,15,서울특별시 강남구 강남대로 308,뱅뱅사거리 랜드마크타워 앞,37.49055099,127.03146362,0,0,2891
2891,강남구,ST-811,02328,르네상스 호텔 사거리 역삼지하보도 7번출구 앞,2328. 르네상스 호텔 사거리 역삼지하보도 7번출구 앞,10,서울특별시 강남구 역삼동 801-7,,37.50321198,127.04273224,0,0,2892
2892,강남구,ST-812,02329,르네상스호텔사거리 역삼지하보도 2번출구,2329. 르네상스호텔사거리 역삼지하보도 2번출구,10,서울특별시 강남구 테헤란로 지하 156,역삼역 지하보도 2번출구,37.50235748,127.04319000,0,0,2893
2893,강남구,ST-813,02330,역삼월드메르디앙아파트 앞,2330. 역삼월드메르디앙아파트 앞,10,서울특별시 강남구 도곡로 183,스타벅스 앞,37.49219894,127.03945923,0,0,2894
2894,강남구,ST-814,02331,동영문화센터앞,2331. 동영문화센터앞,10,서울특별시 강남구 언주로 337,동영문화센터앞,37.49805069,127.04460144,0,0,2895
2895,강남구,ST-815,02332,선릉역3번출구,2332. 선릉역3번출구,8,서울특별시 강남구 선릉로 435 원광빌딩,,37.50400925,127.04907990,0,0,2896
2896,강남구,ST-816,02333,양재역 3번출구 주변,2333. 양재역 3번출구 주변,15,서울특별시 강남구 강남대로 240,양재역 3번출구 주변,37.48515701,127.03407288,0,0,2897
2897,강남구,ST-817,02334,삼호아파트 2동 ( 간선도로),2334. 삼호아파트 2동 ( 간선도로),12,서울특별시 강남구 선릉로 지하 228,8.삼호@ 2동 ( 간선도로),37.49375916,127.04589844,0,0,2898
2898,강남구,ST-818,02335,3호선 매봉역 3번출구앞,2335. 3호선 매봉역 3번출구앞,15,서울특별시 강남구 남부순환로 2748,3호선 매봉역 3번출구앞,37.48676682,127.04676056,0,0,2899
2899,강남구,ST-819,02336,강남세브란스교차로  래미안그레이튼 104동 앞,2336. 강남세브란스교차로  래미안그레이튼 104동 앞,10,서울특별시 강남구 선릉로 지하 228,강남세브란스교차로  래미안그레이튼 104동 앞,37.49423599,127.04746246,0,0,2900
2900,마포구,ST-82,00421,마포구청 앞,421. 마포구청 앞,8,서울특별시 마포구 월드컵로 212 마포구청,,37.56574631,126.90186310,0,0,2901
2901,강남구,ST-820,02339,현대아파트 정문 앞,2339. 현대아파트 정문 앞,10,서울특별시 강남구 언주로 107,현대아파트 정문 앞,37.48326111,127.05229950,0,0,2902
2902,강남구,ST-821,02340,삼호물산버스정류장(23370) 옆,2340. 삼호물산버스정류장(23370) 옆,17,서울특별시 강남구 논현로 82,삼호물산버스정류장(23370) 옆,37.47750854,127.04517365,0,0,2903
2903,강남구,ST-822,02341,일원역 4~5번 출구 사이,2341. 일원역 4~5번 출구 사이,10,서울특별시 강남구 일원로 127,"일원역 4,5번 출구사이",37.48331070,127.08493805,0,0,2904
2904,강남구,ST-823,02342,대청역 1번출구  뒤,2342. 대청역 1번출구  뒤,15,서울특별시 강남구 개포로 623,대청역1번출구 뒤,37.49400711,127.07951355,0,0,2905
2905,강서구,ST-824,01106,신방화사거리,1106. 신방화사거리,10,서울특별시 강서구 양천로24길 13 마곡센트레빌,,37.57256317,126.81642151,0,0,2906
2906,성북구,ST-825,01302,한성대입구역6번출구 뒤,1302. 한성대입구역6번출구 뒤,5,서울특별시 성북구 동소문로 1,한성대입구역6번출구 뒤,37.58876419,127.00630951,0,0,2907
2907,성북구,ST-826,01304,만해공원,1304. 만해공원,10,서울특별시 성북구 성북로 132-1,만해공원,37.59440231,126.99230957,0,0,2908
2908,성북구,ST-827,01308,안암로터리 버스정류장 앞,1308. 안암로터리 버스정류장 앞,16,서울특별시 성북구 안암로 69,안암로터리 버스정류장,37.58259201,127.02897644,0,0,2909
2909,강서구,ST-828,01110,공항중학교앞,1110. 공항중학교앞,15,서울특별시 강서구 방화대로 241 공항중학교,,37.56220245,126.81624603,0,0,2910
2910,강서구,ST-829,01128,화곡역 6번출구,1128. 화곡역 6번출구,10,서울특별시 강서구 화곡로 지하 168,화곡역 6번출구,37.54141235,126.84022522,0,0,2911
2911,마포구,ST-83,00407,마포구 육아종합지원센터,407. 마포구 육아종합지원센터,8,서울특별시 마포구 상암산로1길 71,마포구 육아보육정보센터 앞,37.58063126,126.88367462,0,0,2912
2912,강동구,ST-830,01018,둔촌 주공 GS 맞은편,1018. 둔촌 주공 GS 맞은편,15,서울특별시 강동구 양재대로 1330 주공아파트,,37.52458954,127.13542175,0,0,2913
2913,강서구,ST-831,01103,방화역 4번출구앞,1103. 방화역 4번출구앞,10,서울특별시 강서구 방화동 829-11,,37.57710648,126.81199646,0,0,2914
2914,강서구,ST-833,01115,등촌역 1번출구옆,1115. 등촌역 1번출구옆,10,서울특별시 강서구 공항대로59길 8,강서구 등촌동 666-90,37.55166626,126.86408997,0,0,2915
2915,강서구,ST-834,01117,등촌5단지아파트 버스정류장,1117. 등촌5단지아파트 버스정류장,10,서울특별시 강서구 공항대로 329,강서구 등촌동 675-7,37.55819702,126.84426117,0,0,2916
2916,강서구,ST-835,01125,명덕고교입구(영종빌딩),1125. 명덕고교입구(영종빌딩),18,서울특별시 강서구 강서로 304,강서구 내발산동 724-42,37.55291367,126.83657074,0,0,2917
2917,송파구,ST-838,01201,가락시장역 3번 출구,1201. 가락시장역 3번 출구,15,서울특별시 송파구 송파대로 지하 257,송파구 가락동 214-3,37.49317932,127.11854553,0,0,2918
2918,송파구,ST-839,01212,송파역 2번 출구앞,1212. 송파역 2번 출구앞,10,서울특별시 송파구 송파대로 지하 354,송파구 가락동 459-4,37.49941254,127.11286926,0,0,2919
2919,마포구,ST-84,00408,LG CNS앞,408. LG CNS앞,14,서울특별시 마포구 월드컵북로 424,LG CNS앞,37.58081055,126.88665009,0,0,2920
2920,송파구,ST-840,01231,잠실역 6번출구,1231. 잠실역 6번출구,13,서울특별시 송파구 석촌호수로12길 3-5,송파구 잠실동 31,37.51408768,127.09902954,0,0,2921
2921,성북구,ST-841,01301,홍익중고 입구,1301. 홍익중고 입구,,서울특별시 성북구 성북로 62,성북구 성북동 142-1,37.59275818,127.00235748,0,0,2922
2922,성북구,ST-842,01306,한성대입구역2번출구,1306. 한성대입구역2번출구,10,서울특별시 성북구 동소문로 2,성북구 동소문동2가 2-3,37.58844757,127.00670624,0,0,2923
2923,성북구,ST-844,01309,보문3교 옆,1309. 보문3교 옆,,서울특별시 성북구 인촌로 16,성북구 안암동2가 140-1,0.00000000,0.00000000,0,0,2924
2924,성북구,ST-846,01317,정릉동 교통광장,1317. 정릉동 교통광장,10,서울특별시 성북구 솔샘로17길 8,정릉동 746-2,37.61277390,127.00653076,0,0,2925
2925,중랑구,ST-847,01407,먹골역 1번출구 뒤,1407. 먹골역 1번출구 뒤,10,서울특별시 중랑구 공릉로 12,중랑구 묵동 189-4,37.61151123,127.07788849,0,0,2926
2926,중랑구,ST-849,01414,사가정역 2번출구,1414. 사가정역 2번출구,10,서울특별시 중랑구 면목로 325,,37.58098984,127.08824158,0,0,2927
2927,마포구,ST-85,00420,서울시 공공자전거 상암센터,420. 서울시 공공자전거 상암센터,37,서울특별시 마포구 월드컵북로47길 10,1,37.56624603,126.89617920,0,0,2928
2928,중랑구,ST-850,01416,상봉역 3번출구,1416. 상봉역 3번출구,8,서울특별시 중랑구 면목로 480,중랑구 상봉동 160-22,37.59521866,127.08599854,0,0,2929
2929,중랑구,ST-852,01427,용마산역 1번출구,1427. 용마산역 1번출구,10,서울특별시 중랑구 용마산로 지하 227,중랑구 면목동 1381,37.57429886,127.08691406,0,0,2930
2930,중랑구,ST-853,01428,원묵고등학교,1428. 원묵고등학교,10,서울특별시 중랑구 숙선옹주로 66,중랑구 묵동 20-3,37.61602402,127.08596802,0,0,2931
2931,중랑구,ST-854,01429,장안중학교,1429. 장안중학교,15,서울특별시 중랑구 동일로 778,동일로 778,37.59995651,127.08000183,0,0,2932
2932,중랑구,ST-855,01430,중랑구청,1430. 중랑구청,20,서울특별시 중랑구 봉화산로 179,중랑구 신내동 662-1,37.60615158,127.09259796,0,0,2933
2933,중랑구,ST-856,01431,중랑구청 사거리,1431. 중랑구청 사거리,10,서울특별시 중랑구 봉화산로 194,중랑구 신내동 561,37.60649872,127.09545135,0,0,2934
2934,중랑구,ST-857,01433,중화역 2번출구,1433. 중화역 2번출구,10,서울특별시 중랑구 동일로 지하 797,중랑구 중화동 50-3,37.60207748,127.07958221,0,0,2935
2935,강북구,ST-859,01509,서울북부수도사업소,1509. 서울북부수도사업소,10,서울특별시 강북구 한천로 935,번동 386-17,37.63437653,127.03575134,0,0,2936
2936,마포구,ST-86,00409,누리꿈스퀘어 옆,409. 누리꿈스퀘어 옆,30,서울특별시 마포구 월드컵북로 396,누리꿈스퀘어 옆,37.57939911,126.88916016,0,0,2937
2937,강북구,ST-860,01510,번동주공5단지 관리사무소 앞,1510. 번동주공5단지 관리사무소 앞,10,서울특별시 강북구 오현로25마길 27,번동 230,37.63371658,127.03551483,0,0,2938
2938,강북구,ST-861,01511,번동 금호어울림아파트102동앞,1511. 번동 금호어울림아파트102동앞,9,서울특별시 강북구 오현로31길 85-7,번동 656-2,37.63112259,127.03603363,0,0,2939
2939,강북구,ST-862,01512,강북중학교 앞,1512. 강북중학교 앞,20,서울특별시 강북구 한천로150길 67,수유동 694-2,37.64473724,127.02656555,0,0,2940
2940,강북구,ST-863,01513,강북구청 뒷편,1513. 강북구청 뒷편,20,서울특별시 강북구 도봉로89길 13,수유동 192-59,37.63967133,127.02519989,0,0,2941
2941,강북구,ST-864,01522,월드전기조명인테리어(우이동),1522. 월드전기조명인테리어(우이동),10,서울특별시 도봉구 삼양로 574,우이동 100-13,37.65447235,127.01275635,0,0,2942
2942,노원구,ST-866,01605,헬스케어,1605. 헬스케어,10,서울특별시 노원구 월계로 378,노원구 월계동 321-4,37.63162231,127.06161499,0,0,2943
2943,노원구,ST-867,01620,중계동 노원구민체육센터 옆(중1-2),1620. 중계동 노원구민체육센터 옆(중1-2),10,서울특별시 노원구 노원로22길 1,노원구 중계1동 360-18,37.64820862,127.07022095,0,0,2944
2944,노원구,ST-868,01628,노일초등학교 앞,1628. 노일초등학교 앞,5,서울특별시 노원구 동일로 1652,노원구 상계동 1118-9,37.67361832,127.05525208,0,0,2945
2945,노원구,ST-869,01630,수연빌딩 앞,1630. 수연빌딩 앞,10,서울특별시 노원구 동일로 지하 1662,노원구 상계동 1132-9,37.67625046,127.05550385,0,0,2946
2946,마포구,ST-87,00419,홈플러스 마포점 앞,419. 홈플러스 마포점 앞,21,서울특별시 마포구 월드컵로 240,홈플러스 월드컵경기장점,37.56842041,126.89942932,0,0,2947
2947,구로구,ST-870,01936,개봉역 1번 출구 자전거보관서쪽,1936. 개봉역 1번 출구 자전거보관서쪽,10,서울특별시 구로구 경인로40길 47,구로구 개봉동 202-42,37.49428177,126.85921478,0,0,2948
2948,구로구,ST-871,01941,오류동역 2번출구,1941. 오류동역 2번출구,10,서울특별시 구로구 서해안로 2340-10,구로구 오류동 135-2,37.49367142,126.84370422,0,0,2949
2949,구로구,ST-872,01943,온수역 북측,1943. 온수역 북측,10,서울특별시 구로구 경인로3길 지하 64,구로구 온수동 119-4,37.49279022,126.82452393,0,0,2950
2950,구로구,ST-873,01946,구로역 광장,1946. 구로역 광장,10,서울특별시 구로구 구로중앙로 174,구로동 603-26,37.50311661,126.88038635,0,0,2951
2951,구로구,ST-874,01951,천왕이펜하우스 4단지 후문,1951. 천왕이펜하우스 4단지 후문,15,서울특별시 구로구 천왕로 29 천왕 이펜하우스 4단지,,37.48070526,126.83895874,0,0,2952
2952,구로구,ST-875,01952,천왕연지타운2단지 앞,1952. 천왕연지타운2단지 앞,20,서울특별시 구로구 오리로 1102-10,구로구 천왕동 257-82,37.48210526,126.84572601,0,0,2953
2953,구로구,ST-876,01953,천왕역 4번출구 뒤,1953. 천왕역 4번출구 뒤,20,서울특별시 구로구 오리로 지하 1154,구로구 오류동 174-6,37.48638535,126.83921051,0,0,2954
2954,동작구,ST-877,02003,사육신공원앞,2003. 사육신공원앞,10,서울특별시 동작구 노량진로 191,동작구 노량진동 152-7,37.51335907,126.94805908,0,0,2955
2955,동작구,ST-878,02028,남성역 2번출구 뒷편,2028. 남성역 2번출구 뒷편,,서울특별시 동작구 사당로 지하 218,동작구 사당동 712-8,37.48447037,126.97142792,0,0,2956
2956,서초구,ST-879,02263,바우뫼문화복지회관,2263. 바우뫼문화복지회관,20,서울특별시 서초구 바우뫼로 43,서초구 우면동 68-3,37.47192764,127.02684021,0,0,2957
2957,마포구,ST-88,00410,상암중학교 옆,410. 상암중학교 옆,10,서울특별시 마포구 상암동 1691,,37.57739258,126.88747406,0,0,2958
2958,서초구,ST-880,02249,우솔초등학교 맞은편,2249. 우솔초등학교 맞은편,10,서울특별시 서초구 양재대로2길 74,우면동 754,37.45623398,127.01934814,0,0,2959
2959,서초구,ST-881,02250,서초유치원 맞은편,2250. 서초유치원 맞은편,10,서울특별시 서초구 양재대로2길 74,우면동 754,37.45579910,127.01628876,0,0,2960
2960,관악구,ST-882,02109,은천로입구 가로공원,2109. 은천로입구 가로공원,22,서울특별시 관악구 봉천동 962,,37.48620224,126.93581390,0,0,2961
2961,관악구,ST-883,02115,관악구시설관리공단,2115. 관악구시설관리공단,20,서울특별시 관악구 남부순환로 1369,관악구 신림동 1674-8,37.47991562,126.90283966,0,0,2962
2962,관악구,ST-884,02119,중앙동 동진빌딩,2119. 중앙동 동진빌딩,10,서울특별시 관악구 관악로 217,동진빌딩 앞,37.48425674,126.95469666,0,0,2963
2963,관악구,ST-885,02141,미림여고입구 교차로,2141. 미림여고입구 교차로,8,서울특별시 관악구 신림로 137,관악구 신림동 289-3,37.47229385,126.93341064,0,0,2964
2964,관악구,ST-886,02143,서울산업정보학교,2143. 서울산업정보학교,10,서울특별시 관악구 신림로 67,관악구 신림동 226-2,37.47069550,126.94219971,0,0,2965
2965,관악구,ST-887,02148,낙성대역 3번출구 뒤,2148. 낙성대역 3번출구 뒤,10,서울특별시 관악구 남부순환로 지하 1928,봉천동 1693-39,37.47702789,126.96339417,0,0,2966
2966,서초구,ST-889,02246,서울시 품질시험소 앞,2246. 서울시 품질시험소 앞,10,서울특별시 서초구 태봉로 131,서초구 우면동 23-14,37.46920013,127.02900696,0,0,2967
2967,마포구,ST-89,00418,월드컵경기장역 3번출구 옆,418. 월드컵경기장역 3번출구 옆,20,서울특별시 마포구 성산동 421-10,,37.57048035,126.89889526,0,0,2968
2968,서초구,ST-890,02252,잔디마을 마을버스 정류장,2252. 잔디마을 마을버스 정류장,25,서울특별시 서초구 매헌로 16,양재동 217-3,37.46332169,127.03604126,0,0,2969
2969,송파구,ST-891,01210,롯데월드타워(잠실역2번출구 쪽),1210. 롯데월드타워(잠실역2번출구 쪽),30,서울특별시 송파구 올림픽로 293-19,송파구 신천동 28,37.51312637,127.10095978,0,0,2970
2970,송파구,ST-892,01218,방이역 4번출구,1218. 방이역 4번출구,12,서울특별시 송파구 양재대로 지하 1127,송파구 방이동 217-2,37.50896835,127.12583923,0,0,2971
2971,송파구,ST-894,01226,잠실4동 주민센터 옆,1226. 잠실4동 주민센터 옆,10,서울특별시 송파구 올림픽로35길 16,송파구 신천동 20-50,37.52007675,127.11236572,0,0,2972
2972,송파구,ST-895,01227,거여역 8번출구 뒤,1227. 거여역 8번출구 뒤,10,서울특별시 송파구 오금로 지하 499,송파구 거여동 20-14,37.49312592,127.14382172,0,0,2973
2973,송파구,ST-896,01228,마천사거리,1228. 마천사거리 ,10,서울특별시 송파구 거마로 51,송파구 거여동 133-60,37.49769974,127.14620209,0,0,2974
2974,송파구,ST-897,01230,송파중학교 정문,1230. 송파중학교 정문,10,서울특별시 송파구 동남로 203,송파구 가락동 195-1,37.49567032,127.13059235,0,0,2975
2975,송파구,ST-899,01239,문정 법조단지3,1239. 문정 법조단지3,13,서울특별시 송파구 정의로 30,송파구 문정동 396-3,37.48084259,127.11801147,0,0,2976
2976,마포구,ST-9,00107,신한은행 서교동지점,107. 신한은행 서교동지점,5,서울특별시 마포구 월드컵북로 35,449-28,37.55751038,126.91850281,0,0,2977
2977,마포구,ST-90,00411,DMC홍보관,411. DMC홍보관,10,서울특별시 마포구 월드컵북로 366,DMC홍보관,37.57799530,126.89147186,0,0,2978
2978,송파구,ST-900,01240,문정 법조단지4,1240. 문정 법조단지4,10,서울특별시 송파구 새말로 62,송파구 문정동 305-24,37.48057556,127.11856842,0,0,2979
2979,송파구,ST-901,01241,문정 법조단지5,1241. 문정 법조단지5,10,서울특별시 송파구 새말로 62,송파구 문정동 398-5,37.48123932,127.11979675,0,0,2980
2980,송파구,ST-902,01242,문정 법조단지6,1242. 문정 법조단지6,10,서울특별시 송파구 문정동 398-1,,37.48163223,127.11916351,0,0,2981
2981,송파구,ST-903,01243,문정 법조단지7,1243. 문정 법조단지7,29,서울특별시 송파구 법원로 101,문정동 346-2,37.48453140,127.12016296,0,0,2982
2982,송파구,ST-904,01244,문정 법조단지8,1244. 문정 법조단지8,11,서울특별시 송파구 법원로 101,문정동 619,37.48153687,127.12212372,0,0,2983
2983,송파구,ST-905,01245,문정 법조단지9,1245. 문정 법조단지9,10,서울특별시 송파구 법원로 101,문정동 619,37.47946548,127.12532806,0,0,2984
2984,송파구,ST-906,01246,문정 법조단지10,1246. 문정 법조단지10,30,서울특별시 송파구 송파대로 지하 82,장지동 201-5,37.47750854,127.12632751,0,0,2985
2985,송파구,ST-907,01247,문정 법조단지11,1247. 문정 법조단지11,15,서울특별시 송파구 법원로 101,문정동 627,37.47882080,127.12351227,0,0,2986
2986,송파구,ST-908,01248,방이초등학교,1248. 방이초등학교,25,서울특별시 송파구 위례성대로 114,송파구 방이동 75,37.51396179,127.12167358,0,0,2987
2987,송파구,ST-909,01249,아주중학교건너편,1249. 아주중학교건너편,10,서울특별시 송파구 올림픽로4길 15 아시아선수촌아파트,,37.50677872,127.07917023,0,0,2988
2988,마포구,ST-91,00412,DMC산학협력연구센터 앞,412. DMC산학협력연구센터 앞,21,서울특별시 마포구 상암동 1718,,37.57565689,126.89079285,0,0,2989
2989,성북구,ST-910,01328,월곡역 3번출구,1328. 월곡역 3번출구,10,서울특별시 성북구 월곡로 지하 107,성북구 하월곡동 37-4,37.60262680,127.04163361,0,0,2990
2990,중랑구,ST-912,01411,상봉시장앞 교차로 한성빌딩 앞,1411. 상봉시장앞 교차로 한성빌딩 앞,10,서울특별시 중랑구 면목로 456,중랑구 면목동 282-4,37.59254074,127.08673859,0,0,2991
2991,노원구,ST-913,01602,광운대역 앞,1602. 광운대역 앞,13,서울특별시 노원구 석계로 98-2,노원구 월계동 412-1,37.62266159,127.06189728,0,0,2992
2992,노원구,ST-914,01625,상계역 3번출구,1625. 상계역 3번출구,20,서울특별시 노원구 상계로 182,노원구 상계동 173-19,37.65999985,127.07296753,0,0,2993
2993,노원구,ST-915,01627,수락산역 4번출구,1627. 수락산역 4번출구,12,서울특별시 노원구 동일로 지하 1662,노원구 상계동 1263,37.67694092,127.05509949,0,0,2994
2994,도봉구,ST-916,01706,방학동우체국 건너편,1706. 방학동우체국 건너편,10,서울특별시 도봉구 도봉로 683,방학동 726-92,37.66566467,127.04267120,0,0,2995
2995,구로구,ST-918,01914,대림역4번출구,1914. 대림역4번출구,10,서울특별시 구로구 도림천로 351,구로구 구로동 72-9,37.49440384,126.89444733,0,0,2996
2996,구로구,ST-919,01925,동양미래대학교 정문 옆,1925. 동양미래대학교 정문 옆,20,서울특별시 구로구 경인로 445,구로구 고척동 63-3,37.49988937,126.86769867,0,0,2997
2997,마포구,ST-92,00413,상암월드컵파크 3단지 후문,413. 상암월드컵파크 3단지 후문,10,서울특별시 마포구 매봉산로 8,상암월드컵파크 3단지 후문,37.57147598,126.88968658,0,0,2998
2998,구로구,ST-920,01931,개봉역2번출구 A,1931. 개봉역2번출구 A,10,서울특별시 구로구 경인로40길 47,구로구 개봉동 416-99,37.49499512,126.85825348,0,0,2999
2999,동작구,ST-923,02032,이수역 11번출구쪽,2032. 이수역 11번출구쪽,10,서울특별시 동작구 사당로 지하 310,동작구 사당동 144-4,37.48550797,126.98162079,0,0,3000
3000,동작구,ST-924,02034,사당역 7번출구쪽,2034. 사당역 7번출구쪽,20,서울특별시 동작구 동작대로 지하 3,동작구 사당동 1129,37.47689056,126.98057556,0,0,3001
3001,서초구,ST-925,02203,청계산입구역 2번출구,2203. 청계산입구역 2번출구,10,서울특별시 서초구 청계산로 지하 179,서초구 신원동 270-6,37.44765854,127.05501556,0,0,3002
3002,서초구,ST-926,02207,내곡파출소 뒤 정자,2207. 내곡파출소 뒤 정자,9,서울특별시 서초구 헌릉로 226,서초구 내곡동 184-27,37.45440674,127.06492615,0,0,3003
3003,서초구,ST-927,02211,서초구립반포도서관 앞,2211. 서초구립반포도서관 앞,10,서울특별시 서초구 고무래로 34,서초구 반포동 131-1,37.50263596,127.01231384,0,0,3004
3004,서초구,ST-928,02215,반포종합운동장 입구,2215. 반포종합운동장 입구,10,서울특별시 서초구 신반포로16길 30,서초구 반포동 15-2,37.50171280,126.99547577,0,0,3005
3005,서초구,ST-929,02248,서초리슈빌S 글로벌 앞,2248. 서초리슈빌S 글로벌 앞,10,서울특별시 서초구 양재대로2길 8,우면동 785,37.45995331,127.02474213,0,0,3006
3006,마포구,ST-93,00417,DMC역 2번출구 옆,417. DMC역 2번출구 옆,20,서울특별시 은평구 수색로 지하175,디지털미디어시티역 2번출구 앞,37.57506943,126.89991760,0,0,3007
3007,송파구,ST-930,01204,거여역 3번출구,1204. 거여역 3번출구,10,서울특별시 송파구 오금로 지하 499,3번출구,37.49334335,127.14472961,0,0,3008
3008,성북구,ST-931,01303,돈암초교 입구,1303. 돈암초교 입구,10,서울특별시 성북구 동소문로13길 38,돈암초교,37.59169388,127.01249695,0,0,3009
3009,동작구,ST-932,02026,흑석역 4번출구,2026. 흑석역 4번출구,10,서울특별시 동작구 현충로 지하 90,동작구 현충로 104,37.50858688,126.96349335,0,0,3010
3010,송파구,ST-933,01221,삼전역 4번출구,1221. 삼전역 4번출구,9,서울특별시 송파구 백제고분로 188,잠실포스코더샵,37.50419998,127.08753204,0,0,3011
3011,관악구,ST-934,02113,관악동작견인차량보관소,2113. 관악동작견인차량보관소,20,서울특별시 관악구 신사로 7,동작관악견인차량보관소,37.48466110,126.90390015,0,0,3012
3012,서초구,ST-935,02264,이수역 1번출구,2264. 이수역 1번출구,9,서울특별시 서초구 동작대로 138 소방빌딩,,37.48897171,126.98271942,0,0,3013
3013,구로구,ST-936,01955,디지털입구 교차로,1955. 디지털입구 교차로,10,서울특별시 구로구 시흥대로 551,디지털입구 교차로,37.48288345,126.90103912,0,0,3014
3014,강남구,ST-937,02351,청소년수련관(수영장)앞,2351. 청소년수련관(수영장)앞,11,서울특별시 강남구 광평로 144,청소년 수련관 수영장 앞,37.48387909,127.08902740,0,0,3015
3015,종로구,ST-938,00446,상명대입구,446. 상명대입구,13,서울특별시 종로구 홍지문길 1,상명대 입구,37.60012817,126.95783234,0,0,3016
3016,종로구,ST-939,00447,신영동삼거리,447. 신영동삼거리,6,서울특별시 종로구 진흥로 499,신영동 삼거리,37.60399246,126.96194458,0,0,3017
3017,마포구,ST-94,00414,상암동주민센터 옆,414. 상암동주민센터 옆,8,서울특별시 마포구 매봉산로2길 16,상암동주민센터 옆,37.57822037,126.89447021,0,0,3018
3018,종로구,ST-940,00448,평창동주민센터,448. 평창동주민센터,10,서울특별시 종로구 평창문화로 65,평창동 주민센터,37.60627365,126.96868134,0,0,3019
3019,종로구,ST-941,00449,일성아파트,449. 일성아파트,10,서울특별시 종로구 평창문화로 119,일성아파트,37.60871887,126.97286224,0,0,3020
3020,중랑구,ST-942,01440,면목2동 사거리,1440. 면목2동 사거리,10,서울특별시 중랑구 동일로 628,하나은행,37.58637238,127.08007050,0,0,3021
3021,중구,ST-943,00389,을지로4가역 1번출구,389. 을지로4가역 1번출구,10,서울특별시 중구 을지로 지하 178,을지로4가역 1번출구,37.56673050,126.99660492,0,0,3022
3022,중구,ST-944,00390,충무로역 1번출구,390. 충무로역 1번출구,12,서울특별시 중구 퇴계로 212,충무로역 1번출구,37.56138992,126.99535370,0,0,3023
3023,중구,ST-945,00392,서울역 서부교차로1,392. 서울역 서부교차로1,,서울특별시 중구 만리재로 211,서울역 서부교차로,37.55696487,126.96858978,0,0,3024
3024,중구,ST-946,00826,서울역 서부교차로2,826. 서울역 서부교차로2,20,서울특별시 중구 퇴계로 33,서울역 서부교차로2,37.55536652,126.96864319,0,0,3025
3025,성북구,ST-947,01305,성북구청,1305. 성북구청,15,서울특별시 성북구 보문로 168,성북구청,37.58932877,127.01643372,0,0,3026
3026,강북구,ST-948,01501,"미아역 3번,4번 출구 사이","1501. 미아역 3번,4번 출구 사이",9,서울특별시 강북구 도봉로 196,"미아역 3,4번 출구 사이",37.62607956,127.02648163,0,0,3027
3027,서초구,ST-949,02265,이수고가차도 남단,2265. 이수고가차도 남단,10,서울특별시 서초구 동작대로 204 청남빌딩,,37.49474335,126.98306274,0,0,3028
3028,마포구,ST-95,00415,DMC역 9번출구 앞,415. DMC역 9번출구 앞,10,서울특별시 마포구 성암로 지하184,디지털미디어시티역 9번출구 앞,37.57746887,126.89736176,0,0,3029
3029,관악구,ST-950,02110,조원동 미성아파트,2110. 조원동 미성아파트,9,서울특별시 관악구 시흥대로 560,조원동 미성아파트,37.48319244,126.90203094,0,0,3030
3030,관악구,ST-951,02139,서울신성초등학교,2139. 서울신성초등학교,10,서울특별시 관악구 신림로 114,서울신성초등학교,37.47116470,126.93701935,0,0,3031
3031,관악구,ST-952,02156,신림푸르지오아파트,2156. 신림푸르지오아파트,12,서울특별시 금천구 남부순환로 1428,관악농협 문성지점,37.48072052,126.90932465,0,0,3032
3032,강남구,ST-953,02354,청담역 2번출구,2354. 청담역 2번출구,5,서울특별시 강남구 영동대로 647,청담역 2번출구,37.51978683,127.05676270,0,0,3033
3033,강남구,ST-954,02356,강남구청,2356. 강남구청,10,서울특별시 강남구 학동로 지하 346,강남구청,37.51807022,127.04711914,0,0,3034
3034,강남구,ST-955,02355,삼성역 5~6번 출구 사이,2355. 삼성역 5~6번 출구 사이,20,서울특별시 강남구 봉은사로 524,삼성역 5~6번 출구,37.50912094,127.06230927,0,0,3035
3035,강남구,ST-956,02360,도곡1동 주민센터 교차로,2360. 도곡1동 주민센터 교차로,9,서울특별시 강남구 도곡로 205,도곡1동 주민센터 교차로,37.49280930,127.04138947,0,0,3036
3036,강남구,ST-957,02358,구룡초사거리 (현대아파트10동 앞 ),2358. 구룡초사거리 (현대아파트10동 앞 ),7,서울특별시 강남구 개포로 303,10동 앞,37.48138428,127.05391693,0,0,3037
3037,강남구,ST-958,02359,"국립국악중,고교 정문 맞은편","2359. 국립국악중,고교 정문 맞은편",10,서울특별시 강남구 논현로10길 29,"국립국악중,고교 정문 맞은편",37.47560501,127.05037689,0,0,3038
3038,강남구,ST-959,02349,역삼빌딩 앞(하나은행 옆),2349. 역삼빌딩 앞(하나은행 옆),12,서울특별시 강남구 테헤란로 지하 156,역삼빌딩,37.50154495,127.03856659,0,0,3039
3039,마포구,ST-96,00416,상암월드컵파크 1단지 교차로,416. 상암월드컵파크 1단지 교차로,12,서울특별시 마포구 월드컵북로 502-7,상암월드컵파크 1단지,37.57566452,126.89444733,0,0,3040
3040,강남구,ST-960,02350,래미안그레이튼102동앞,2350. 래미안그레이튼102동앞,9,서울특별시 강남구 선릉로69길 19,102동 앞,37.49482346,127.04790497,0,0,3041
3041,강남구,ST-961,02347,두산건설 본사,2347. 두산건설 본사,11,서울특별시 강남구 언주로 726,두산건설 본사,37.51863861,127.03540039,0,0,3042
3042,강남구,ST-962,02352,서울본부세관(건설회관 앞),2352. 서울본부세관(건설회관 앞),6,서울특별시 강남구 언주로 721,서울본부세관(건설회관 앞),37.51758957,127.03502655,0,0,3043
3043,강남구,ST-963,02353,강남구청역 2번출구 뒤,2353. 강남구청역 2번출구 뒤,10,서울특별시 강남구 학동로 342,강남구청역 2번출구 뒤,37.51681137,127.04047394,0,0,3044
3044,노원구,ST-964,01642,서울여대 남문,1642. 서울여대 남문,7,서울특별시 노원구 화랑로 621 서울여자대학교,서울여대 후문,37.62531662,127.08813477,0,0,3045
3045,관악구,ST-965,02111,서울대입구역 1번출구,2111. 서울대입구역 1번출구,10,서울특별시 관악구 남부순환로 1830,서울대입구역1번출구,37.48086929,126.95331573,0,0,3046
3046,강남구,ST-966,02357,르네상스호텔사거리 역삼지하보도 3번출구 앞 (더 오번 빌딩 명동칼국수 앞),2357. 르네상스호텔사거리 역삼지하보도 3번출구 앞 (더 오번 빌딩 명동칼국수 앞),10,서울특별시 강남구 언주로 427 디오빌역삼,,37.50166321,127.04297638,0,0,3047
3047,성동구,ST-967,00594,중랑물재생센터(서울새활용플라자),594. 중랑물재생센터(서울새활용플라자),15,서울특별시 성동구 자동차시장길 49,중랑물재생센터,37.55830383,127.05805969,0,0,3048
3048,마포구,ST-968,00422,문화비축기지,422. 문화비축기지,9,서울특별시 마포구 성산동 661,,37.56897736,126.89440155,0,0,3049
3049,서초구,ST-969,02224,방배경찰서 민원봉사실 앞,2224. 방배경찰서 민원봉사실 앞,,서울특별시 서초구 방배천로 54,방배경찰서 민원봉사실 앞,37.48129272,126.98248291,0,0,3050
3050,광진구,ST-97,00500,어린이대공원역 3번출구 앞,500. 어린이대공원역 3번출구 앞,7,서울특별시 광진구 능동로 지하210,어린이대공원역 3번출구 앞,37.54706955,127.07427216,0,0,3051
3051,노원구,ST-970,01641,한내근린공원 남측,1641. 한내근린공원 남측,15,서울특별시 노원구 마들로 86,한내근린공원 남측,37.62155533,127.06951141,0,0,3052
3052,노원구,ST-971,01640,한내근린공원 북측,1640. 한내근린공원 북측,9,서울특별시 노원구 마들로 86,한내근린공원 북측,37.62386322,127.06848907,0,0,3053
3053,광진구,ST-972,00590,건국대학교 (입학정보관),590. 건국대학교 (입학정보관),20,서울특별시 광진구 능동로 120,입학정보관,37.53989029,127.07336426,0,0,3054
3054,광진구,ST-973,00591,건국대학교 (행정관),591. 건국대학교 (행정관),5,서울특별시 광진구 능동로 120,행정관,37.54277802,127.07537079,0,0,3055
3055,광진구,ST-974,00592,건국대학교 학생회관,592. 건국대학교 학생회관,30,서울특별시 광진구 능동로 120,학생회관,37.54191208,127.07763672,0,0,3056
3056,강서구,ST-975,01149,신방화역환승주차장,1149. 신방화역환승주차장,13,서울특별시 강서구 마곡서1로 111-12,신방화역환승주차장,37.56728363,126.81827545,0,0,3057
3057,관악구,ST-976,02136,신림역 8번출구,2136. 신림역 8번출구,8,서울특별시 관악구 신림동 1422-43,,37.48450851,126.93006897,0,0,3058
3058,중구,ST-977,00391,시립미술관,391. 시립미술관,8,서울특별시 중구 덕수궁길 61 서울시립미술관,,37.56505203,126.97340393,0,0,3059
3059,종로구,ST-978,00450,효자동 삼거리,450. 효자동 삼거리,51,서울특별시 종로구 효자로13길 45,종로구 궁정동 98-2,37.58360291,126.97254944,0,0,3060
3060,종로구,ST-979,00451,청와대앞길,451. 청와대앞길,8,서울특별시 종로구 청와대로 73,종로구 세종로 1-54,37.58351517,126.97966766,0,0,3061
3061,광진구,ST-98,00501,광진구의회 앞,501. 광진구의회 앞,30,서울특별시 광진구 능동로 76,광진구의회 앞,37.53730774,127.07035065,0,0,3062
3062,광진구,ST-980,00593,자양중앙나들목,593.자양중앙나들목,8,서울특별시 광진구 자양동 749,,37.52845383,127.07803345,0,0,3063
3063,송파구,ST-981,01250,문정2동 주민센터,1250.문정2동 주민센터,10,서울특별시 송파구 중대로 16,송파구 중대로 16,37.48987198,127.11083984,0,0,3064
3064,광진구,ST-983,03500,군자역2번출구,3500. 군자역2번출구,7,서울특별시 광진구 능동로 313,군자역2번출구,37.55758667,127.07969666,0,0,3065
3065,광진구,ST-984,03501,광진구청 앞,3501. 광진구청 앞,10,서울특별시 광진구 자양로 131,광진구청 앞,37.53950119,127.08300018,0,0,3066
3066,광진구,ST-985,03502,중곡역 1번출구,3502. 중곡역 1번출구,18,서울특별시 광진구 능동로 지하 417,중곡역 1번출구 앞,37.56565857,127.08429718,0,0,3067
3067,광진구,ST-986,03503,광진유진스웰,3503. 광진유진스웰,14,서울특별시 광진구 아차산로78길 7,광진유진스웰,37.55048752,127.10895538,0,0,3068
3068,광진구,ST-987,03504,원일교회,3504. 원일교회,8,서울특별시 광진구 아차산로 304,원일교회,37.53805161,127.07659912,0,0,3069
3069,광진구,ST-988,03505,신양초교앞 교차로,3505. 신양초교앞 교차로,12,서울특별시 광진구 능동로 42,신양초교앞 교차로,37.53522110,127.06839752,0,0,3070
3070,광진구,ST-99,00502,자양(뚝섬한강공원)역 1번출구 앞,502. 자양(뚝섬한강공원)역 1번출구 앞,33,서울특별시 광진구 능동로 10,뚝섬유원지역 1번출구 앞,37.53186035,127.06719208,0,0,3071
3071,마포구,ST-990,00424,롯데하이마트 (상암월드컵점),424. 롯데하이마트 (상암월드컵점) ,15,서울특별시 상암동 1715-29,롯데하이마트 (상암월드컵점) ,37.57361984,126.89804840,0,0,3072
3072,마포구,ST-991,00425,DMC첨단산업센터,425. DMC첨단산업센터,10,서울특별시 마포구 성암로330,DMC첨단산업센터,37.58450317,126.88559723,0,0,3073
3073,마포구,ST-992,00426,서울신용보증재단,426. 서울신용보증재단,10,서울특별시 마포구 마포대로 163,서울신용보증재단,37.54906082,126.95417786,0,0,3074
3074,양천구,ST-993,00722,경서농협 버스정류장(우리은행신정동지점방향),722. 경서농협 버스정류장(우리은행신정동지점방향),10,서울특별시 양천구 신월로 342-1 구두수선대19,,37.52151108,126.85738373,0,0,3075
3075,양천구,ST-994,00723,SBS방송국,723. SBS방송국,15,서울특별시 양천구 목동서로161,SBS방송국,37.52916336,126.87274933,0,0,3076
3076,양천구,ST-995,00724,계남공원 입구 주출입구 좌측,724. 계남공원 입구 주출입구 좌측,10,서울특별시 양천구 중앙로 153 공중화장실,,37.51059723,126.85732269,0,0,3077
3077,양천구,ST-996,00725,양강중학교앞 교차로,725. 양강중학교앞 교차로,15,서울특별시 양천구 남부순환로88길5-16,양강중학교앞 교차로,37.52433395,126.85054779,0,0,3078
3078,양천구,ST-997,00726,목동3단지 시내버스정류장,726. 목동3단지 시내버스정류장,18,서울특별시 양천구 목동중앙로 49 ,목동3단지 시내버스정류장,37.53438950,126.86959839,0,0,3079
